100
2 3 2
1 1 1
2 1 2
3 2 3
69 2 69
30 1 30
52 9 52
41 1 41
2 33 2
38 8 38
52 7 52
78 2 78
10 1 10
3 3 3
65 1 65
1 3 1
20 3 20
14 15 14
69 4 69
67 7 67
14 9 14
40 10 40
1 41 1
7 9 7
100 3 100
100 8 100
3 17 3
4 2 4
1 18 1
31 5 31
100 2 100
30 10 30
54 4 54
4 4 4
58 9 58
14 10 14
16 11 16
4 29 4
10 5 10
32 11 32
66 8 66
1 2 1
26 2 26
97 7 97
46 8 46
2 59 2
10 18 10
3 1 3
41 7 41
1 43 1
43 2 43
94 5 94
34 7 34
82 9 82
7 20 7
41 2 41
100 4 100
100 9 100
1 4 1
43 9 43
59 3 59
60 3 60
13 13 13
4 11 4
21 13 21
56 4 56
14 1 14
6 18 6
1 68 1
27 11 27
64 2 64
44 5 44
6 6 6
61 8 61
72 2 72
89 7 89
14 7 14
100 1 100
1 100 1
85 2 85
3 37 3
24 6 24
2 2 2
4 1 4
99 3 99
1 55 1
2 4 2
80 8 80
4 3 4
54 7 54
57 6 57
41 11 41
70 7 70
48 9 48
5 22 5
15 9 15
77 1 77
37 4 37
3 4 3
26 11 26
