Case #1: 3 4 6
Case #2: 2 3 4
Case #3: 17 20 24 28 32 34 36 37 40 41
Case #4: 95 101 122 156 174 196 226
Case #5: 3 4 5
Case #6: 22 222
Case #7: 13 15 21 25 29
Case #8: 6 8
Case #9: 2 7 8 9 10 11 24
Case #10: 2 6
Case #11: 2 3 4 5 7 8 11 13
Case #12: 3 5 6 11
Case #13: 3 6 7
Case #14: 5 7 10 13
Case #15: 4 6 7 9
Case #16: 5 7 14 18 21
Case #17: 1 2 3 4 5 6 7
Case #18: 9 12 15 17
Case #19: 2 5
Case #20: 8 9 10 11 12 13 14
Case #21: 4 5 6 7
Case #22: 11 16 19 21 30 35
Case #23: 4 8
Case #24: 4 5
Case #25: 4 5 7 8 10
Case #26: 2 3 4
Case #27: 12 17 23 28 30 35 36
Case #28: 3 5 7 8 10 12 14
Case #29: 2 22
Case #30: 5 15 25 35 45 55 65 75 85 95
Case #31: 2 4 5 7 9 13
Case #32: 1 2 3 4 5 6 7 8 9 47
Case #33: 9 16 20
Case #34: 3 5 7 9 11 13 15 16 18 18
Case #35: 4 8 9 12
Case #36: 2 4
Case #37: 2 5 7 10 11 14 16
Case #38: 2 4
Case #39: 12 15 18 19 21 23 25 27 28 31
Case #40: 2 5
Case #41: 6 9 11 13
Case #42: 15 20 23 26
Case #43: 2 3 4 5 6 7 8 9 10 11
Case #44: 7 10 13 16
Case #45: 4 8 12 16
Case #46: 15 17 20 35
Case #47: 1 2 3
Case #48: 8 11 12 16
Case #49: 135 151 174 194 219 221 245 269 280 300
Case #50: 4 10 14 17
