54
326 329 654 25 810 530 228 929 367 8 396 344 798 278 128 877 628 245 42 826 137 3 834 515 958 512 80 524 161 753 483 55 33 234 820 919 917 954 181 862 836 162 261 248 795 569 774 299 935 808 270 395 975 314
165
50 9 590
51 4 340
37 51 525
8 3 172
54 4 266
3 46 423
52 33 218
31 18 91
38 46 90
1 44 809
8 52 18
17 43 52
54 43 7
47 30 715
49 26 320
45 19 725
27 22 152
47 21 783
30 11 538
54 7 576
35 30 891
6 15 815
46 9 192
13 39 822
30 22 482
52 18 495
40 6 282
49 30 278
34 15 445
27 10 497
17 6 768
47 2 268
52 44 552
14 34 996
16 26 695
5 50 471
42 32 552
53 15 20
49 12 439
8 18 149
36 22 98
20 35 834
23 46 137
38 37 645
13 46 905
37 14 44
7 15 508
23 14 692
8 19 55
41 7 333
48 19 286
38 19 246
40 19 220
1 51 725
5 17 919
30 33 627
47 1 583
38 39 82
5 18 533
48 33 21
26 44 130
18 34 425
40 34 679
50 26 700
52 39 648
24 44 724
5 54 795
45 27 336
40 51 339
45 9 601
13 47 652
41 52 596
45 39 191
51 27 92
25 54 579
48 7 726
6 42 795
37 13 931
26 34 38
37 9 648
25 4 214
18 33 543
6 32 432
49 22 706
23 18 125
35 12 385
35 27 303
45 29 945
23 15 684
2 33 501
24 31 93
13 46 181
45 46 93
53 24 605
26 14 295
48 29 768
54 44 175
51 18 235
3 10 510
54 32 570
8 6 139
50 47 441
14 44 776
46 18 91
40 1 789
28 7 340
7 32 781
49 41 14
44 29 89
11 52 565
46 4 445
40 7 829
28 54 644
49 3 541
11 7 469
35 33 282
16 24 402
46 19 89
20 18 117
35 42 53
20 11 818
23 27 137
51 44 434
16 28 174
38 17 726
2 4 212
53 48 307
21 27 698
45 12 464
38 11 528
53 40 1
21 19 304
5 10 251
36 44 342
11 18 483
37 45 332
36 29 75
35 27 37
14 29 450
49 39 198
31 43 897
34 39 58
38 6 747
13 31 162
15 4 815
50 34 760
47 10 138
6 18 648
8 17 226
6 14 953
28 2 282
30 28 866
17 21 709
15 4 602
8 20 68
20 43 268
37 40 618
37 45 311
35 4 960
2 51 677
5 2 761
23 35 578
25 4 422
18 4 717
35 51 111
