154
1335 798 103 1344 1304 1480 562 1168 1520 1207 331 1124 61 1804 1157 566 361 1228 377 1399 1452 1718 2000 1302 1475 181 1066 1657 954 1791 1081 472 1500 430 1715 218 147 366 436 712 1467 1355 24 1340 1377 1421 296 1166 565 363 1516 1324 1336 341 1190 417 1459 1512 126 129 1126 1175 63 783 1603 1740 1054 672 717 737 558 466 1429 942 544 1769 1728 1975 387 1397 864 1413 1745 1270 1184 1762 90 1455 1934 481 1757 177 1743 1638 1709 848 1591 1710 1640 1945 1187 599 1269 1211 1088 1800 921 1576 663 655 1293 1902 665 676 200 113 402 298 753 1910 641 243 532 550 1940 79 763 583 643 1071 940 842 1258 913 873 568 416 443 630 986 160 930 1342 1197 757 1021 330 1714 1764 958 545 1498 569 139
222
10 49 1502
65 4 1724
16 87 1963
86 117 1160
1 64 1261
64 50 626
139 124 1251
89 12 802
130 124 695
138 63 1366
89 90 478
8 7 1289
78 34 571
101 134 1157
62 50 1510
18 15 1113
37 43 1894
84 54 1288
64 115 627
22 115 442
81 13 1553
30 96 1387
136 151 1733
146 122 128
112 152 1349
61 87 1240
21 79 283
28 5 8
79 115 1532
146 75 999
80 7 835
150 37 1712
35 40 1562
106 121 1134
22 130 1865
83 87 1560
148 90 309
20 136 748
66 62 1029
20 145 1776
102 38 1200
48 34 435
88 15 382
152 127 867
39 43 333
139 124 177
19 26 1978
30 61 425
20 39 1773
107 79 280
120 69 46
142 123 116
22 109 248
62 134 801
52 74 953
103 40 308
25 16 1566
86 87 913
41 61 171
9 24 1132
48 150 746
65 144 1036
135 114 870
106 50 670
23 75 1846
4 75 410
68 59 869
48 54 239
76 83 1972
25 137 567
48 39 505
108 44 1823
143 131 50
132 122 729
44 116 1160
153 115 789
152 88 1660
68 17 1133
130 29 615
22 92 197
127 69 613
24 140 1606
125 6 734
149 69 220
129 123 1540
12 138 1051
110 141 1059
99 8 125
62 150 1762
102 138 1311
35 85 1586
52 62 1171
111 34 685
14 63 1399
104 39 1324
133 13 783
55 129 1433
9 53 73
112 111 1073
112 81 1708
106 139 1595
89 54 896
125 132 753
107 139 509
105 59 196
124 43 1507
104 56 1343
119 123 1608
77 145 1231
152 121 1674
55 43 510
41 102 1039
20 68 1335
23 19 1404
143 15 418
48 67 1495
81 70 554
33 60 1372
106 20 127
24 75 551
22 18 1185
136 147 1360
34 59 265
125 106 182
9 40 298
103 68 1305
145 87 1713
97 127 93
14 85 1386
152 44 142
95 116 187
67 131 1789
148 68 328
71 79 1083
16 36 1855
8 68 16
83 61 170
123 126 824
73 104 367
78 131 388
152 38 1171
58 88 799
86 83 1973
145 38 357
105 154 311
140 34 1225
140 136 1384
45 61 508
105 154 715
128 118 1385
8 90 542
44 135 277
108 119 1974
114 54 1919
73 153 1645
62 12 77
3 43 1931
152 84 1702
70 124 1106
38 115 242
57 70 584
50 126 1628
85 54 1412
21 10 599
36 59 856
91 74 1799
142 139 1733
148 39 1811
137 59 107
55 142 420
21 131 1731
143 39 1049
76 8 481
139 59 1434
132 126 618
108 144 1281
49 87 276
149 17 1892
22 142 1966
86 115 441
21 10 1753
66 64 9
51 121 1894
106 117 502
97 85 831
23 8 1374
99 31 1776
100 31 370
98 25 809
83 107 1728
12 105 1426
67 63 1039
111 63 1613
114 151 325
65 48 1342
85 74 1653
15 117 961
48 92 37
107 26 1671
83 49 687
98 40 1282
103 146 1242
69 141 381
31 50 1103
67 136 1714
82 40 553
1 145 1680
1 31 307
70 124 153
144 147 1066
106 122 120
67 75 1872
44 17 1781
58 46 195
106 70 1886
106 77 862
96 136 1858
143 15 405
106 94 398
2 121 1152
79 87 230
46 130 1227
