257
44 2345 2252 1592 2474 4750 1671 1200 761 994 4680 3904 1321 2626 143 3449 3668 4919 1674 2865 1570 3573 832 3936 2588 3346 4932 4643 2478 1010 1539 128 2198 1329 3050 3982 1509 971 926 2876 4384 1522 470 3884 2730 4039 3239 4988 1155 3786 465 599 1752 109 2080 134 4140 2597 2209 3929 2254 955 3253 2056 614 2274 1895 2836 4051 605 1669 4081 1124 14 2923 1379 2736 3544 2309 3963 3644 1745 145 4952 883 711 259 4027 4317 781 3182 1829 807 3325 4795 1624 4744 4304 3788 40 3894 4508 2542 4913 844 2648 2293 4545 1484 3734 4691 3930 3279 1397 3099 4719 2329 4085 3273 1997 4425 1301 4238 2160 1602 2314 1508 2428 1924 997 996 3808 1475 1734 3207 545 3796 2550 3604 360 3257 2903 1233 1018 95 4797 3977 26 1096 2136 38 511 1159 4513 1530 2569 2241 2820 2253 636 2390 386 3053 3677 3871 4339 1232 617 4805 1640 4638 1480 50 1304 3941 2021 3452 4694 2331 3832 4979 490 1111 1608 2725 980 4530 4472 441 4404 1 4262 4956 1757 517 4801 3404 2628 2305 2344 1446 2013 3720 4879 2788 3986 4874 4432 4414 3825 927 576 416 3249 200 3272 3344 4177 1482 3851 1848 3552 1642 1172 1526 4621 1977 783 4175 397 1465 868 954 1679 2790 2081 17 2359 4830 385 1003 1498 2262 126 3949 3154 3858 3142 1384 2948 5001 83 4164 1837 2629 227 330
494
110 130 2327
82 42 462
193 63 4895
207 36 1937
73 182 2018
102 245 2953
97 14 2549
40 62 2892
72 243 1474
185 79 2291
107 249 3601
174 152 953
70 212 3698
171 75 620
36 90 4823
199 219 4058
238 182 1383
158 4 1522
137 234 4183
24 44 1323
216 79 2657
174 83 3972
68 174 1864
132 128 4842
243 174 2410
255 194 683
72 245 3939
20 14 2701
181 212 3423
104 55 4543
224 30 4416
82 219 1008
44 35 459
24 100 176
125 114 435
139 33 3960
64 19 1623
216 191 1939
18 24 1332
26 125 429
58 155 1018
198 7 3633
67 212 1087
137 117 1156
139 114 1327
126 140 540
187 151 4872
230 244 4946
88 219 1992
194 224 3888
44 189 2773
203 61 26
156 223 1777
128 157 682
135 161 2942
48 231 2830
241 232 3550
208 16 3533
192 191 3832
45 191 4617
246 39 2981
231 145 2505
6 162 1400
180 92 1989
121 124 2575
233 152 3824
149 54 3408
44 248 2056
209 159 4767
222 2 2973
62 43 4396
246 225 1587
20 31 1072
207 233 2978
218 105 1255
53 30 326
17 238 4401
119 202 2945
2 109 3240
34 167 3094
223 51 3610
142 128 3878
141 221 302
35 179 1241
188 136 2490
226 4 4472
21 224 4588
144 51 442
12 163 736
154 172 2344
126 124 1581
41 53 2690
178 112 2720
123 42 2910
7 76 3274
121 122 3330
220 241 981
49 160 3255
121 39 1802
127 86 1891
26 145 2536
20 241 2900
45 128 3038
236 176 1752
82 189 1925
218 242 3494
188 142 3093
211 15 417
112 255 582
228 160 3179
124 42 3246
199 225 3193
140 237 2028
6 17 1483
38 211 3949
75 219 278
16 197 574
24 177 1179
113 119 3284
116 198 3130
96 4 346
2 170 4233
228 244 3118
119 105 1835
166 145 2617
84 123 1806
18 73 2162
128 30 1864
235 212 1544
247 148 2453
63 235 1949
176 65 3700
47 76 1638
26 75 2695
41 38 3848
241 257 4171
184 130 3779
217 58 311
41 16 2012
63 37 3274
124 140 681
158 155 7
154 87 825
42 242 624
95 89 1284
57 136 1487
114 162 1290
124 194 4949
253 93 2214
248 4 444
187 15 3285
235 51 2122
229 167 3621
63 135 2073
40 131 4982
164 17 4365
196 4 2051
50 223 391
35 62 1806
179 1 4208
251 231 1589
124 64 4797
135 221 3161
147 107 4357
180 68 1211
48 158 437
248 230 1743
55 92 2284
230 54 4822
24 125 1078
158 55 4040
219 148 3024
217 82 116
17 179 2306
224 241 1262
78 167 267
102 12 4047
92 90 3327
31 85 3878
208 138 367
44 73 1968
180 99 4764
110 225 1059
158 244 3060
207 25 979
63 233 4043
126 38 1887
198 179 2829
5 189 2904
69 159 3691
39 151 2128
175 176 4982
132 195 1152
89 176 2534
210 143 4512
127 173 4457
27 81 3132
64 223 1083
73 191 63
27 69 274
35 114 4846
94 21 289
176 96 765
192 87 3774
6 68 4168
193 112 3308
20 5 3668
192 170 2526
59 71 4611
150 19 16
188 121 2175
242 100 515
60 106 1575
165 172 4022
2 34 4059
176 144 4717
131 56 4071
69 200 4786
192 235 133
48 59 1259
179 120 4782
84 45 1371
14 5 3319
27 156 3289
24 101 2486
180 49 4127
213 140 4701
5 7 1232
109 15 442
80 160 483
172 152 2213
101 167 571
104 194 4528
96 43 847
69 206 2572
39 215 4116
204 214 313
181 232 2597
35 107 4141
177 51 3608
246 255 4328
85 215 1612
18 123 2764
108 122 3767
198 143 547
6 66 4141
89 64 3419
47 215 4541
186 9 3121
208 213 994
88 202 1452
11 44 868
175 255 4389
235 93 2872
208 90 950
115 237 2644
59 173 676
24 87 2135
163 55 1764
69 182 2206
175 201 3959
19 130 1518
203 22 540
180 66 924
192 61 4217
243 127 4335
198 76 2520
221 125 4518
108 128 2565
216 83 2035
132 50 1886
185 66 195
212 244 202
72 212 3154
11 79 1818
70 136 4335
122 143 3921
81 55 508
95 85 1120
242 51 1076
89 31 4035
80 22 4336
69 45 196
97 22 118
44 194 4290
177 77 436
163 131 400
205 1 1675
60 136 602
116 62 4158
146 49 3649
111 88 2524
119 158 4910
30 212 4511
6 113 326
255 66 1975
218 68 4467
59 76 584
114 224 190
203 221 3206
204 124 3274
119 58 315
89 72 1627
108 110 2966
23 87 4543
21 86 4299
34 100 181
77 240 1009
29 2 4955
204 257 1873
214 106 2251
36 176 4721
254 82 76
7 105 4081
132 77 732
27 146 4225
95 85 2794
169 14 4615
60 161 2671
120 23 2393
30 237 137
142 201 3054
49 173 3711
133 10 621
123 210 4163
50 252 2828
29 39 1197
97 229 4603
25 144 753
184 224 1217
165 224 413
149 212 548
116 199 1377
46 157 2505
226 133 3601
67 224 3970
217 149 4098
180 223 4139
175 233 4118
73 56 523
8 145 2261
137 52 2974
104 199 1352
103 150 155
14 194 3242
44 109 4120
118 205 3293
117 76 4915
165 9 4760
124 92 1919
66 83 4014
146 213 807
80 161 401
77 202 1469
50 13 3735
102 49 418
188 225 1295
199 70 4345
247 244 4567
50 64 1262
48 68 102
3 183 333
101 162 2504
195 230 430
36 130 3422
141 201 2954
84 28 1052
41 134 1208
190 70 1512
158 156 4465
169 196 1708
200 189 68
118 85 2670
166 130 3650
31 49 4312
112 109 4482
199 234 4920
60 32 1843
226 240 4320
48 134 569
174 51 3367
157 31 3451
6 157 2811
251 68 4421
190 234 2463
233 211 3756
17 129 920
48 167 605
47 221 39
142 219 2498
106 173 4094
97 29 375
248 255 3641
180 248 1791
44 141 2706
215 244 1156
222 119 1230
28 130 614
61 87 699
27 106 1276
178 245 2621
216 34 4400
253 240 2586
206 148 306
154 218 2875
21 173 4481
155 152 1269
48 18 4448
85 252 4667
108 92 1697
20 129 4975
243 42 2408
63 170 165
117 62 907
50 52 2069
133 122 4723
91 255 103
88 230 3955
248 237 1232
200 59 2328
31 151 1522
163 49 654
171 247 2866
255 96 3632
12 31 4670
129 70 3922
42 136 571
84 35 2037
14 21 1636
221 90 4762
209 45 3003
255 31 1615
125 151 3486
23 100 3295
158 5 3457
171 226 4249
214 255 1485
11 75 3600
245 68 3049
250 31 4913
111 1 1210
251 21 2895
123 112 1845
219 201 4474
50 17 582
141 39 3823
72 238 2489
192 141 3879
77 223 2688
84 188 427
229 189 736
114 237 4778
207 135 3196
190 117 3995
253 206 2813
140 1 3754
78 174 4597
188 183 1599
36 234 2085
245 53 4621
19 39 2586
246 76 1130
153 168 2647
229 149 4810
141 127 1524
220 211 2692
184 93 98
250 152 1332
69 5 4587
187 214 4934
77 25 1324
116 92 3469
33 122 1241
160 148 62
84 113 3980
76 233 177
58 107 2030
239 64 2201
97 233 4363
25 49 17
49 100 4184
61 85 472
13 167 4607
214 230 2233
20 189 4421
115 15 4267
175 195 1877
11 231 3219
28 132 1243
37 241 2042
176 30 3432
220 61 746
108 253 3876
179 124 2082
