360
3503 5392 8490 9655 3378 1603 3876 8962 5450 7947 7061 9995 4977 1491 4792 964 2867 3533 4812 4467 9026 5705 3333 9236 2981 2482 4395 1311 1628 9272 7207 5111 6433 7819 53 7355 4948 3148 1876 9324 3974 8757 5106 5415 4220 9276 5853 8469 8796 2322 47 4824 389 3761 6613 4592 4473 3095 1281 5086 8371 8192 7139 7910 8545 1086 478 2648 936 9061 3091 2642 1706 7729 4550 809 8226 5334 602 5983 2640 10001 6262 2742 2884 4127 4688 187 8459 2671 5456 7650 827 4519 8297 7787 784 8675 914 39 7621 9482 1973 9928 7445 7599 2834 2128 497 5940 4155 7840 9801 2313 5934 9367 5993 2958 2089 7422 5689 3715 3185 9095 3205 8043 3374 6962 8004 3594 169 2316 2686 1581 8129 7970 8894 5636 8605 947 9399 1784 9148 9582 4539 9200 4125 601 3440 8504 3477 5820 3260 3395 2793 6120 582 5224 8438 8963 8390 4707 546 5223 9564 6324 9341 2661 3643 8961 2751 5893 6045 8918 5799 5196 1484 3851 4726 9004 5794 8772 1315 7417 2873 7666 5399 6589 5990 6850 5997 6325 5134 8647 4079 5729 4663 6478 2394 4266 7950 4966 362 8057 8247 1139 4469 7491 5336 7160 4900 7267 2893 9682 7948 8653 234 6848 8042 147 1416 4204 6661 5432 3764 544 6105 5144 3668 1265 8130 9421 6134 515 6568 401 4192 2612 6300 6427 6758 5698 3396 2142 6024 3099 3788 1225 7994 356 309 969 2241 8405 448 420 9494 5856 9663 6303 5869 7581 3448 5567 6964 8939 3972 8464 7746 1697 8879 1005 1730 8474 1875 220 5752 494 2422 9631 8400 2801 4724 2072 766 2922 4205 1116 468 5248 1902 4854 9960 9499 1154 1185 2319 6532 1041 6932 6233 113 9578 5646 4376 5712 2098 1433 1924 9942 2824 8652 4415 6727 71 9821 6671 8795 8067 6588 7000 5572 844 1092 3410 1107 6199 7582 1034 8083 143 6604 2500 6536 4868 6643 5453 8360 521 3964 1196 4623 6424 3024 7807 2136 5891 7862 9513 8197 3605 2287 4803 9954 6342 2789 6702 2900 906 7609
741
180 229 3410
90 68 6159
80 5 9484
10 360 9389
185 131 1102
82 345 1615
84 238 3777
37 285 7742
271 329 2036
187 68 1058
233 152 7362
61 340 9848
310 286 7890
165 41 6304
164 335 2506
306 85 1548
345 198 4279
179 151 7243
165 124 9595
3 11 7600
9 157 4145
151 220 182
139 185 1716
280 128 4224
357 277 6009
96 333 3840
163 67 271
167 177 8693
145 134 6831
202 5 7941
102 146 8973
42 61 3247
65 275 5538
258 26 1366
65 267 4028
213 183 6784
104 14 4554
319 131 8936
22 195 8795
345 213 6814
33 342 6326
167 80 1877
70 282 5307
124 170 7566
222 114 9719
258 133 7818
190 6 2900
130 234 2900
4 36 6598
282 272 5108
60 52 9685
105 229 1884
211 217 968
102 172 3901
65 304 911
360 2 5330
201 359 5135
186 298 2199
214 156 6400
268 230 7448
114 352 6405
292 118 5852
262 207 7117
57 17 9963
292 35 2929
354 106 1364
63 109 901
192 347 1335
62 334 4432
176 15 7052
138 230 873
129 283 8964
57 51 937
360 347 1319
260 297 2908
221 331 6538
32 275 8163
95 234 551
350 213 251
330 123 5531
95 91 8717
340 59 1210
22 311 6669
215 7 2308
146 309 5696
22 20 4131
113 334 5829
332 158 7541
120 346 9813
159 258 1654
45 109 4841
353 346 4214
34 120 8174
208 115 5665
350 288 9170
200 51 839
47 147 6336
304 69 2405
95 244 6618
137 72 2327
229 344 8556
249 222 2416
46 225 2601
313 273 6700
263 325 4924
194 78 385
184 346 6878
130 153 3149
190 302 7753
149 331 1802
5 72 6653
30 295 930
215 166 4292
19 58 5082
113 291 7608
212 340 5469
94 272 2284
257 126 2863
104 253 3865
338 17 448
98 65 4302
332 2 1196
124 154 7331
116 275 9744
173 341 6820
24 79 9987
158 296 4255
341 206 6719
253 285 8373
267 100 3935
352 331 3931
169 217 53
227 133 4788
81 226 8082
310 121 6482
210 189 1233
336 359 1968
355 73 1790
261 282 403
309 323 7113
50 51 4164
153 59 6264
58 131 3159
293 16 5997
167 130 1827
354 316 9426
128 220 2643
319 81 1016
345 97 3416
186 178 749
171 236 3363
176 86 1260
184 302 1475
138 351 5591
82 336 3807
46 322 8263
357 118 462
129 145 8313
50 177 2464
343 68 5619
18 84 8544
338 196 4542
43 60 1406
187 342 3024
303 136 5808
354 311 8498
269 14 1281
221 296 2608
116 55 2001
359 220 4217
194 6 7705
317 217 7668
310 183 565
259 236 8275
317 75 516
254 26 6430
160 200 1229
156 284 2533
334 222 1663
124 11 6833
90 26 4274
186 239 1738
78 315 3367
124 336 4054
21 338 2623
347 193 745
223 336 6393
259 178 7816
223 23 1589
129 357 8874
257 107 5653
84 53 8445
329 250 847
65 262 5495
271 123 6079
269 305 7132
180 358 9453
33 308 3422
125 251 3949
91 85 1328
332 243 1889
138 251 2181
120 291 6419
26 148 8983
281 18 2153
184 265 3238
136 33 4291
258 313 3574
283 341 8056
174 106 8654
150 71 5866
141 185 6039
298 54 8965
348 140 2670
340 285 999
296 255 1371
240 149 9924
232 211 7537
289 88 8380
290 151 5018
303 59 5681
230 341 2258
105 54 2973
317 195 2311
310 155 3884
55 331 3381
136 134 93
308 51 3804
82 251 7371
257 321 1550
237 311 6407
360 258 4723
184 44 2520
159 244 1417
216 215 6071
221 255 5417
136 25 2089
354 360 3657
178 26 4411
290 339 3195
216 60 4991
306 15 6471
170 213 6152
160 194 5442
317 200 4266
95 291 2480
269 151 9517
200 252 7634
118 279 4323
330 47 8604
4 278 3320
165 225 1823
316 116 9822
318 106 5767
152 247 9741
64 291 5110
102 114 9944
204 157 7282
255 250 9343
4 43 1088
306 292 8004
239 243 3463
184 286 585
160 72 9219
182 223 3592
306 169 1356
94 246 3084
118 297 1876
354 90 965
294 308 6054
20 225 6602
32 58 9840
120 148 4604
17 323 9717
143 109 9003
120 72 9938
46 53 282
219 331 6267
38 288 9941
10 288 5895
64 291 5365
74 168 7572
186 39 4173
319 179 9011
281 315 3223
96 242 2486
65 164 2466
114 206 5821
198 117 7974
72 295 3446
254 234 7804
170 147 4634
141 228 9383
360 38 8833
144 65 3165
322 130 2622
135 292 1080
318 109 4193
204 309 3423
211 87 9060
120 343 7309
136 243 4633
58 295 4088
104 286 9078
96 243 4146
159 122 6737
15 273 1868
116 46 3261
262 176 1105
10 31 3878
42 333 6999
310 201 8344
175 237 1079
322 248 3269
321 107 2031
2 323 2708
258 90 4571
314 247 9368
211 206 7927
3 43 7449
328 187 9579
101 51 3647
115 326 3621
129 340 9127
141 14 5964
237 7 9869
138 275 361
231 260 2632
277 158 9412
280 185 9790
230 285 2125
135 169 7265
201 282 4868
176 133 6538
146 103 2914
143 343 4043
313 133 9771
115 358 1421
252 109 5900
216 326 6093
179 94 8922
316 312 1689
283 51 5970
246 285 1334
230 331 444
328 222 3404
300 255 2025
65 233 3995
77 80 9012
172 100 4947
296 206 9605
208 238 6213
261 228 7755
16 79 8443
39 16 6598
124 239 4853
267 341 8710
129 33 1180
181 295 4215
339 315 1127
128 311 6713
319 20 6978
288 163 8031
262 218 8105
114 134 718
268 71 6197
10 111 3118
66 131 5606
80 15 6744
227 79 6889
128 309 6266
205 169 5825
136 242 4516
70 306 1902
204 323 6566
207 23 8564
194 77 3314
3 7 5703
245 226 3742
24 22 8463
12 188 2337
350 285 2091
62 145 147
327 333 9680
139 202 7339
261 284 2227
43 97 4615
178 153 5319
311 163 382
303 155 2725
190 97 5039
259 32 2948
25 133 8388
128 220 3551
11 295 6000
104 212 6225
61 149 9516
121 164 926
61 210 8771
343 20 9081
113 75 4371
74 239 3082
34 57 85
281 285 8976
137 7 707
207 131 759
342 41 6713
31 55 1657
245 163 4245
357 242 9789
95 234 1217
30 270 9158
141 246 5692
345 68 3831
37 276 7632
243 226 6371
76 339 3
332 342 2024
268 147 2252
12 22 5470
63 79 4870
71 119 9641
175 155 2864
215 359 3239
60 252 6347
86 28 5458
224 123 8599
77 23 3092
209 118 6567
184 131 6435
327 163 2756
42 29 9557
293 298 4388
102 228 6510
20 1 5543
70 68 4349
319 121 7320
83 196 8106
264 176 7012
277 14 9396
210 90 1501
143 155 1886
49 333 8815
277 29 1819
133 251 6572
46 90 3586
187 142 3938
144 145 5992
338 235 9411
175 37 1571
57 41 1623
180 223 4931
143 74 9317
321 52 2060
98 169 5929
350 135 8150
237 282 9677
303 356 785
181 313 663
283 255 5404
280 169 3827
94 99 2854
146 145 9202
175 25 7535
153 88 1565
198 140 1894
136 83 6001
174 251 4720
342 222 5779
208 358 7840
281 83 1961
37 200 6414
117 309 8901
231 6 7767
207 326 1261
101 156 231
312 246 7572
167 161 53
125 185 2642
232 223 5984
42 242 7752
228 200 3279
58 299 6142
132 217 1552
103 14 2641
210 339 424
3 355 1669
124 286 6645
252 331 1077
298 111 7846
190 13 9008
135 188 4480
300 332 5257
153 285 8930
284 339 3080
182 91 9035
70 219 5752
314 107 9430
209 68 5086
20 217 6318
123 356 7962
350 164 6159
144 309 8459
277 295 4712
201 38 8315
308 359 8893
204 262 3742
273 296 6870
152 203 4374
184 230 9435
158 20 8860
205 35 6488
280 198 3944
80 335 5518
327 125 1139
174 29 5941
266 272 5955
348 315 1282
8 114 9000
82 166 7460
266 148 2171
24 235 8228
89 205 7163
209 50 5060
24 314 6736
42 176 5495
223 302 9560
102 312 1732
55 290 9778
316 89 9242
74 322 2364
141 324 3719
241 337 7322
241 260 1903
112 299 6777
120 288 6965
105 198 2740
259 213 1011
115 35 355
237 69 9251
21 300 8841
219 108 3316
241 258 6893
128 156 4130
195 118 7474
201 265 4910
146 318 2065
50 276 6300
304 346 849
360 80 9900
24 309 4093
304 267 5019
209 27 241
44 148 4405
228 53 6677
332 264 7206
72 296 1797
197 295 1228
126 100 7948
138 358 9779
61 233 7567
120 237 3437
235 185 3536
108 67 9410
103 217 3036
21 162 5831
319 186 3311
161 289 9172
153 39 1066
146 226 8636
308 100 9928
219 181 5316
259 226 839
193 253 9248
130 352 8163
16 163 544
293 162 6833
214 329 8082
83 207 8979
111 308 7176
3 335 2900
280 54 3012
347 158 6668
136 290 6586
266 220 8046
64 282 8223
129 117 9889
281 212 8269
146 74 3316
137 19 7132
282 35 4944
171 226 6179
231 236 4459
264 323 434
292 149 1534
117 255 9541
40 273 5466
303 105 22
8 108 2046
333 114 9826
179 263 1861
356 50 6018
144 14 3405
301 331 1952
11 304 5239
22 52 6184
167 166 6132
258 351 7895
202 234 9393
301 347 1174
143 271 5939
188 176 5232
201 169 3267
111 114 7123
126 282 213
37 315 5067
170 41 9623
319 360 5863
345 44 5309
274 136 237
360 272 484
261 277 3709
313 118 9974
91 85 3486
269 29 5861
138 162 2960
197 177 1172
350 87 8061
237 297 4211
2 305 8722
45 131 4684
231 184 401
210 297 2404
111 148 8271
215 23 6908
110 99 2136
152 134 7924
96 352 2326
46 178 305
218 197 8078
111 93 9535
249 279 8112
257 342 7939
280 276 9324
355 272 1109
301 67 6655
196 197 802
12 354 7081
316 246 5816
31 7 976
55 56 2881
160 275 9993
319 243 9465
101 192 7051
8 178 6608
160 237 9304
154 352 6627
265 291 4357
213 309 2311
92 109 2016
210 149 5960
261 148 9525
216 278 8138
281 319 3363
165 170 9650
73 339 8404
48 39 6712
170 230 253
190 35 9438
30 48 5785
61 119 2329
62 261 794
156 246 3546
70 200 5929
10 26 3861
13 45 4453
75 203 5109
113 263 6740
263 275 6454
65 256 8226
92 256 5349
87 171 2594
298 169 9072
65 110 8106
70 21 9045
258 202 6628
167 358 8817
271 11 2024
208 32 3422
180 120 9123
112 314 9776
27 247 6983
187 158 6579
232 35 9432
261 52 9563
183 53 8437
143 209 463
46 26 8112
339 289 2975
98 150 409
151 140 1924
113 189 815
267 131 4985
49 206 5970
277 99 4981
328 193 5232
64 181 5891
31 343 9041
193 324 4217
305 54 3971
239 17 3688
208 357 1335
129 324 9018
77 169 6885
312 129 536
174 192 9364
190 178 6314
89 244 3832
283 114 6129
32 177 3087
111 250 1309
60 162 904
342 185 153
242 238 4572
126 86 324
179 356 5204
187 18 9237
227 252 7283
22 114 3768
189 19 7779
340 88 2755
318 345 7424
280 51 779
336 25 7285
135 317 9448
259 311 5737
228 313 7731
336 16 6228
262 224 41
173 93 3237
237 346 1513
