463
13835 12189 4952 12249 3616 7414 8820 11050 18754 7807 9526 4366 14625 15462 18596 10063 16799 14460 12553 6409 9824 8528 10002 1200 1574 16544 17856 6676 16604 13045 2671 19931 16939 5957 8015 13496 13755 8711 3801 5792 18365 8938 18546 6125 5962 946 10458 13924 10560 14144 18329 16900 14550 14609 18133 17831 1336 1993 16292 4630 4469 8948 15543 3415 11721 15249 14334 19251 7542 13823 5693 14246 2331 10855 6512 17719 1958 7160 13173 8082 15985 13022 4465 11165 8007 13664 17718 4645 16571 7563 9098 3285 81 4777 14007 4648 4166 17482 8507 19999 14910 19897 17725 61 6403 19805 2163 10335 16056 8827 17862 15641 6087 3668 11340 18595 14657 15496 15269 1701 5059 9657 15794 7738 6416 2915 7465 18138 4320 10389 16694 14037 4847 19391 19690 9699 394 12347 5800 12976 10763 5983 2205 12516 17945 18972 894 16396 18022 5219 13860 11866 18645 14992 7462 15514 11053 11882 11205 6292 12014 6616 7478 5410 75 7941 12436 8177 15356 9285 12455 17651 3978 10452 7434 12699 12133 16632 9583 686 3261 13127 820 3233 595 6745 3477 8474 2196 9784 3985 8253 714 7560 3714 5035 15399 358 7689 6015 16043 13398 17350 13475 13408 1937 15551 16665 3618 10989 4300 5363 9269 17060 18795 13810 7850 14017 15460 14664 10262 9425 12438 15160 10371 16075 5939 12666 11541 8366 10930 11822 1062 18246 19555 10445 8444 10378 15767 6393 8482 1252 9572 2574 15048 11890 19357 12288 16547 8859 15699 12085 8965 13283 5141 14331 7460 2512 17328 16676 2410 14172 3962 10588 10893 7247 3024 16178 19495 19923 6673 15457 19414 8831 16277 1261 19786 19429 13014 3997 10165 2162 17480 3402 8110 14132 16724 17524 12798 10922 2181 6085 10613 18301 6909 10435 3648 18469 15578 17270 17054 10547 5661 18306 6167 9989 3248 3102 9369 16607 1922 7216 17601 5896 18152 2872 16474 3355 1606 4344 1920 6475 3869 5228 15315 4089 13959 9798 9003 7786 14098 5634 18181 15044 14183 9703 57 8809 8384 5084 6247 3168 2301 10535 19310 9843 4129 10062 9394 5151 18272 14713 11925 2158 4820 13751 12248 17689 13361 17425 8195 8887 4528 18495 6494 19016 17755 4724 13965 17181 8647 19513 9432 1671 4429 12859 7310 1599 10889 9853 8773 16528 9268 8860 1469 18770 6525 6611 13703 8061 7426 12375 14025 13275 1876 18389 12180 877 5952 18759 2328 14809 13999 14496 12651 3403 5184 6572 2969 12437 3076 7306 1202 7331 10778 4919 9539 14082 8535 6980 12530 4021 10213 13164 11982 11857 12417 7506 1152 9212 17703 11473 13576 18782 5371 1698 8077 7981 13971 13319 7329 121 4747 10983 1634 17033 13477 1744 9035 19110 12049 14611 6976 2670 15983 9209 15996 14851 6979 8003 15719 15730 10173
1012
356 384 15060
309 73 10421
403 448 17021
243 384 11624
271 150 12781
194 34 5319
171 85 5141
108 191 11213
289 430 18607
115 46 3973
90 126 4834
18 110 19620
128 303 11738
146 111 10566
300 265 18427
48 70 5957
3 323 12026
462 369 14578
366 425 19521
135 380 15881
247 127 10920
391 191 13385
13 78 1672
66 42 17972
117 343 17222
27 75 6774
336 436 10973
202 186 10243
28 319 3810
203 94 2743
159 306 1148
286 206 14386
365 147 866
13 236 1686
447 210 16096
320 206 18465
29 191 10618
121 422 11768
210 213 6398
435 97 19212
414 126 17006
166 378 6087
16 361 11484
80 445 14365
296 387 18424
360 137 12900
195 5 12274
294 324 17506
68 304 3522
393 416 11327
15 96 17168
15 392 15806
328 316 15284
135 392 19598
29 92 10837
179 180 14176
259 421 12976
109 62 14260
169 42 2649
68 172 4508
275 243 16591
102 120 5163
89 66 2665
13 459 10964
389 417 19638
135 429 10526
67 58 16326
72 407 14248
410 28 9807
136 242 14254
91 253 5130
40 24 10713
28 454 3964
249 218 13168
266 165 7536
332 94 19599
279 257 2798
381 198 19101
384 139 1082
317 211 9432
385 198 19404
196 191 8123
426 395 1502
16 198 1878
190 255 3685
358 369 12725
172 199 11850
265 344 10625
3 320 5451
55 422 9712
262 390 12569
331 261 12047
54 371 19823
45 297 17510
118 193 14191
297 165 1728
76 7 12491
396 121 9643
463 374 3834
76 143 15118
245 344 8040
302 338 4491
366 415 13228
297 183 2597
400 356 19213
374 165 11067
178 346 17991
202 75 11783
426 436 4786
235 63 973
100 125 2985
318 233 16363
415 168 8912
232 97 4138
362 6 10331
225 292 5006
310 228 7830
349 341 3099
281 441 2920
224 105 17050
12 374 3267
351 348 895
203 255 17677
230 211 17662
190 240 5309
22 280 18391
298 326 2196
213 10 3708
394 428 15499
367 227 8317
215 30 12919
386 38 14146
331 363 1199
70 341 6208
128 411 16985
382 416 14893
65 73 18320
201 383 2193
259 303 1487
220 20 10710
214 143 17455
304 182 3971
424 293 16689
450 434 13053
172 99 18378
192 193 7310
224 223 9896
23 441 3164
410 241 12290
204 183 17559
455 354 7882
287 219 12971
195 378 5051
171 170 9506
236 7 16174
192 61 2785
62 274 2214
349 292 19431
2 85 15146
72 205 17539
42 22 449
169 285 4935
357 122 8581
151 368 14885
117 127 12765
98 202 11288
182 253 13537
216 337 4650
33 261 12155
352 378 9093
146 244 5688
15 256 6043
402 185 1998
54 426 7287
396 251 18156
256 357 16501
15 174 7847
451 162 17343
221 401 19461
457 390 8313
353 74 1367
239 389 2586
125 196 14138
97 354 6506
303 58 11285
135 242 14789
372 392 4358
149 237 8552
91 371 4767
262 198 19511
56 178 13166
338 139 4175
4 243 17826
300 85 16278
450 55 14739
71 284 185
316 291 7931
85 316 15657
102 314 7227
259 384 16505
213 105 74
303 31 2811
384 5 18200
66 437 9430
144 230 14209
174 377 11825
128 421 14719
251 362 14330
130 188 5703
270 412 6790
430 316 18305
82 377 16120
306 343 8919
400 225 19032
278 220 8132
402 150 6830
124 395 17551
172 22 14297
170 10 5776
78 93 13086
69 395 8571
188 460 17311
111 332 9823
80 104 18125
455 227 18794
283 349 1995
351 38 10845
73 193 11283
455 147 14420
167 341 4755
416 77 14761
366 172 19411
310 123 16040
400 177 16667
462 175 15340
30 448 4332
315 360 2290
403 22 19182
292 187 1073
458 21 8989
396 354 15678
326 198 17591
381 407 15532
144 12 6207
427 193 15827
11 180 11978
364 160 11277
157 342 7701
317 201 10815
116 126 2014
188 230 1109
404 374 15504
371 395 3998
143 282 12321
33 2 4951
352 69 5647
21 96 14841
171 177 6021
18 78 17433
270 439 16951
275 60 14775
105 3 11076
179 196 1315
261 291 324
230 368 2195
85 45 15475
153 429 8377
275 295 1991
108 34 555
316 31 18656
247 437 15050
56 341 14836
380 354 848
253 155 9091
245 42 9455
213 25 1660
264 23 17041
390 307 10188
243 428 3016
265 45 3146
151 105 1830
294 376 3956
351 261 5155
236 412 1325
424 143 19490
239 257 7204
243 377 17736
432 459 5288
368 147 6627
96 320 8306
305 314 13778
373 188 10187
333 98 7998
234 401 5014
142 321 12307
352 344 11672
172 80 13299
182 425 15620
381 263 973
254 177 17851
31 104 15806
15 437 12743
357 417 9051
373 435 18747
333 198 3868
397 456 7354
270 182 9775
118 140 1442
149 50 12978
354 398 12055
36 312 14246
16 297 15365
255 398 892
24 165 2152
333 357 9764
77 57 14270
326 422 18769
437 416 13660
145 347 9967
274 459 5060
313 323 8216
146 154 8399
331 61 4079
232 430 12014
52 186 16392
134 205 2948
412 322 10448
144 303 3460
300 139 15568
156 233 5334
110 198 6562
111 63 6283
335 395 13839
450 310 8249
388 40 2794
167 445 9750
364 197 7480
17 436 17124
250 326 10004
396 6 16281
241 237 2268
279 303 11056
428 227 17702
116 387 316
135 345 6188
317 212 14280
331 170 11796
109 455 1212
106 458 6807
77 206 18927
302 143 13502
49 92 12369
145 373 16208
405 381 18948
81 394 1882
247 370 14592
228 341 15121
400 264 18942
134 275 496
289 210 5945
161 193 9370
289 147 13998
383 378 696
154 330 3776
334 105 347
215 144 13240
366 412 5448
100 74 19666
288 78 2465
4 31 8333
89 38 6461
35 412 13278
134 152 11403
391 263 12629
404 338 2817
321 442 12269
190 422 16220
288 159 3183
177 293 4735
379 242 18801
279 158 6657
419 206 1662
396 124 12013
4 341 4706
49 6 3364
241 155 3251
286 184 18868
249 148 1999
223 3 9383
177 8 10167
334 420 14313
170 437 4666
397 314 7007
424 296 3848
117 120 8843
146 375 18761
52 54 8908
103 312 17666
90 435 7666
446 12 14455
30 44 7032
373 196 2904
163 377 18904
65 124 5279
196 429 10605
48 122 12607
384 322 15958
98 426 15813
358 365 13250
199 297 18712
217 428 2625
76 163 14401
310 1 6041
331 83 18122
168 314 9271
434 59 3475
262 362 19890
259 217 4777
216 113 11864
249 356 17417
444 324 5772
463 437 18973
110 192 9015
419 155 15053
241 350 6606
154 205 18798
352 429 16728
179 441 10570
112 286 2362
156 28 13357
241 121 11241
14 442 14338
134 224 2218
294 435 370
32 186 18499
416 24 15940
116 249 7153
432 46 8086
273 212 3892
400 109 1440
446 44 14143
380 307 5112
222 407 13331
237 163 7617
264 459 19570
63 121 5462
182 110 12381
117 331 5692
324 448 11103
373 449 1143
44 368 19397
457 332 12780
32 319 8724
90 443 11701
214 124 7774
300 166 1839
35 166 2740
383 73 3058
324 337 415
459 408 2102
63 295 2358
278 353 16635
302 58 17696
205 121 775
382 293 4380
437 61 4954
36 133 15899
119 175 9928
254 236 18851
314 191 550
148 227 18353
348 143 17648
119 376 3939
89 394 12716
286 456 6077
296 250 7409
134 199 1157
353 77 4043
455 156 1233
52 229 2466
393 265 19270
108 181 1298
462 262 15774
169 129 14145
335 110 13290
322 200 1540
254 186 19810
396 211 14901
153 103 14900
370 124 18437
219 152 4002
18 258 6406
293 20 12031
281 42 6060
366 19 4581
313 117 443
9 264 13365
329 85 12316
117 253 13909
252 61 6485
154 244 8956
86 229 19754
130 429 2874
320 318 2755
259 312 12811
339 125 4210
115 308 2790
365 121 8765
366 131 13410
202 192 13680
283 359 13798
116 319 812
239 120 3189
314 347 18961
300 258 410
287 319 1550
329 184 12187
416 261 6115
14 255 1826
9 378 16463
457 54 3102
278 39 6889
16 64 18112
372 81 15052
204 441 14786
147 93 17011
290 122 4914
33 208 4119
313 163 6038
315 370 6695
56 219 6338
39 343 3879
146 66 15173
33 289 9385
31 398 18997
86 448 11971
462 165 9283
334 125 16802
69 147 6435
360 221 13873
403 91 5155
174 295 12211
176 115 6968
339 155 3591
455 453 18937
35 445 9966
11 365 11230
389 46 7099
387 96 4528
51 420 8382
380 150 3840
315 20 14960
391 385 15060
13 271 62
84 221 3852
119 365 17780
265 429 480
264 336 15690
386 398 14010
176 426 12477
298 310 4926
22 139 7376
351 122 10020
329 125 1254
360 148 11589
1 86 18478
463 175 10970
353 194 36
216 228 6219
287 127 13813
298 257 5464
74 190 19778
236 40 19670
62 142 5469
98 376 11498
92 181 8724
135 418 19430
456 200 6354
330 303 1331
71 107 18912
116 433 4898
405 387 17960
175 206 5264
367 225 16449
388 341 7847
459 93 4471
84 436 18995
375 184 3379
204 328 5415
35 312 703
108 459 3252
396 204 2455
102 127 2084
383 155 7614
221 388 5809
133 242 5301
251 321 6289
253 3 15875
273 95 9290
453 88 15539
425 399 3021
215 260 4827
105 282 16381
226 65 15371
310 6 10932
210 45 17930
152 121 7458
23 3 12478
161 337 15626
79 390 1359
41 110 2763
440 241 1773
236 217 15055
49 417 7284
14 263 5807
8 108 14210
41 22 18321
179 110 14727
201 459 16816
4 387 3991
301 403 5218
52 412 16804
148 226 5064
178 428 7170
32 332 4722
238 105 11838
460 113 7491
43 279 1822
69 73 9190
197 280 1302
36 130 10565
372 60 3625
260 240 4782
444 266 5297
344 35 14455
208 332 15579
134 462 12361
280 342 14730
153 190 15627
400 238 15775
6 88 5549
92 276 13458
270 124 7395
166 206 15270
278 207 11364
298 274 17121
78 406 8347
360 44 519
38 97 11145
169 90 7475
457 204 16307
341 319 14885
231 3 4146
273 422 12311
389 379 4043
100 225 440
243 258 9953
331 246 3651
460 266 7128
41 36 5718
130 139 16587
334 365 11818
232 84 7460
219 88 16142
161 438 57
247 154 19301
102 179 6713
74 173 15333
357 164 4967
277 3 18420
18 142 4130
190 6 16560
50 244 4891
177 158 11328
177 449 1053
277 394 14053
41 160 13777
72 264 2347
3 385 11783
197 253 18132
349 407 4616
259 264 5790
319 180 16624
437 77 16743
12 342 11865
172 60 7283
283 279 13606
208 160 4245
461 282 17109
228 340 13808
324 242 2252
138 108 12616
201 251 16822
178 276 17709
240 454 18668
94 93 6899
410 42 1169
359 395 11286
202 329 19672
227 58 6221
59 86 18055
277 324 2541
70 49 11823
1 377 7306
232 415 19680
360 263 9027
67 160 16400
450 34 17306
153 373 8400
100 360 13474
298 105 15457
153 200 12040
301 57 12293
197 232 14697
160 342 9453
108 339 18876
134 351 11488
43 120 9194
41 338 3860
328 330 5962
455 447 18816
172 314 15471
203 343 16700
431 59 4420
391 28 12794
100 267 12961
331 350 14136
283 290 2613
461 83 15164
157 340 19967
44 173 14378
103 175 4644
360 262 13555
195 25 2701
6 88 15095
334 75 7178
132 252 2115
425 344 14767
376 420 12974
399 227 215
460 28 1750
157 88 9940
272 79 1704
295 28 4959
42 388 15099
404 159 14562
342 409 3112
279 426 10863
188 20 2604
286 24 7862
48 264 7551
325 231 13194
293 348 3555
248 445 2438
288 132 5747
317 181 18473
116 408 19684
266 297 14038
298 325 92
121 31 5187
358 444 15157
41 241 12213
121 284 5838
269 143 14309
260 421 17415
310 379 4859
446 286 3837
369 390 7194
370 85 3980
357 124 6268
138 379 2190
393 412 10664
283 393 10466
270 428 6408
29 295 2917
199 191 19506
22 127 17197
384 192 4124
376 161 7692
161 225 12334
287 110 1430
123 389 17325
239 10 6886
4 166 16820
254 4 9427
351 358 16933
370 322 7230
29 46 12675
351 157 18267
273 213 873
145 29 1379
76 36 12339
53 217 7234
48 36 19487
225 448 6773
35 166 5294
171 192 1978
23 435 24
89 375 4079
34 321 17524
288 391 1008
344 460 17613
247 113 15892
392 133 8188
270 261 17007
218 436 15697
112 238 17661
33 122 15333
26 272 2058
102 54 5213
16 45 6778
224 286 2888
247 406 2189
333 189 10989
349 378 5389
265 261 5920
273 90 2522
287 429 5889
424 399 19653
433 138 15006
70 361 2436
434 224 14210
208 395 6769
386 275 19194
124 375 18663
419 3 11911
28 193 2704
211 24 3677
320 31 11209
224 127 9593
235 442 12755
201 40 1698
106 374 44
247 437 4433
126 25 11202
146 378 5516
118 197 18933
163 323 1067
439 387 3901
327 126 13112
134 366 10512
65 49 1167
405 267 4919
423 311 18440
118 452 5747
41 13 7599
440 390 16130
68 460 9531
353 441 1727
393 436 10331
213 175 13770
248 451 2682
270 99 6429
421 189 14865
69 227 11278
370 389 8568
227 94 14735
322 187 1662
102 179 5131
68 219 19329
52 192 591
462 162 5995
144 212 198
419 406 11232
283 331 9116
169 150 11630
241 83 4048
423 46 18476
260 213 13368
336 75 19696
111 299 8411
463 139 14937
273 134 17328
49 136 17792
275 404 9061
110 160 4785
213 62 534
52 262 18000
372 263 18967
298 265 16008
315 35 12221
46 93 10152
108 69 3840
384 448 1489
453 445 15996
143 183 13847
269 374 438
252 437 10483
295 147 17063
353 125 718
152 175 14065
381 233 18338
87 268 3121
63 403 11264
208 322 618
368 147 11
238 129 2859
136 307 10213
16 332 17668
434 374 17366
255 64 14941
111 314 14435
145 426 9060
50 365 1000
455 210 17729
403 341 13738
296 61 7777
101 95 12312
249 5 15001
299 447 14647
268 256 8832
294 344 8048
176 415 14189
58 448 10112
250 7 7576
21 217 9448
235 305 7430
86 261 19965
458 163 14261
448 183 3161
148 192 13813
88 73 4203
360 303 6100
52 181 16546
177 456 9878
149 104 13123
103 380 11166
71 342 11305
283 250 17695
117 53 1671
48 97 5163
117 426 17585
166 3 13334
246 441 10718
333 336 6156
394 5 19691
315 141 9360
217 92 775
190 200 12445
136 42 15238
136 241 8895
456 83 12256
219 75 1302
186 375 18365
272 347 17827
427 31 14385
249 329 18436
252 139 625
286 242 13671
361 355 6138
220 122 19287
428 184 10107
134 55 13957
143 413 13933
203 120 19187
455 179 15703
127 244 19698
14 132 10444
268 101 5541
192 365 17665
218 185 12765
66 3 8514
89 93 6941
351 74 4180
358 167 8762
207 410 7160
269 308 12775
298 96 12528
43 96 16753
304 194 7011
433 198 15208
82 22 19521
274 80 10086
116 115 3614
311 93 3306
207 336 15481
395 165 11420
11 414 3975
90 163 11484
213 45 9609
67 162 18291
259 24 16858
265 162 17054
53 341 13738
432 127 13901
32 438 2548
391 416 1148
27 52 3361
55 380 2810
283 160 10685
214 23 5383
351 44 8869
43 111 1546
156 390 4997
17 335 4825
301 391 6634
68 151 5943
181 316 14242
116 342 13995
59 180 631
342 165 9822
33 47 6806
202 40 18178
51 428 14662
333 439 16812
248 348 16946
69 323 14118
370 154 2724
224 16 4802
177 253 5256
210 346 15346
375 291 16774
