566
1662 33988 32317 12972 1194 29056 24720 10440 16522 49305 12329 21857 48239 19853 19018 45493 19658 4634 38706 9712 3991 14117 33347 9826 42967 20307 17305 26826 24879 18868 27325 24098 2530 40696 39806 30706 44036 27813 9624 32345 21953 906 17198 3553 8713 8356 23025 27277 8824 9111 41409 10379 20803 4235 7599 16195 34315 44491 25048 47722 30491 3781 42024 27531 15883 20814 19278 33012 33035 23811 13007 8021 3123 15632 9808 34550 18665 9131 12854 10493 16723 15107 41020 42113 25614 47683 15147 22291 40560 24459 18210 28179 46270 1294 28553 34310 16910 44039 37963 49793 36446 2077 28759 669 44794 11030 46647 41037 27793 14433 18531 39008 31434 6773 27032 46142 43322 12690 15896 21395 46853 29713 13043 43218 16055 24363 20453 5877 31582 33972 32623 8604 10806 39048 7802 8650 7503 33554 28733 21858 49080 32923 2109 16842 41817 22164 8475 11353 37103 8894 26784 41943 14124 8659 20333 40512 46972 2353 33293 13835 36649 18122 9550 34662 934 2561 8089 15475 27576 8563 1618 48520 8789 39668 7673 8175 37515 3240 13905 24287 8415 37341 21778 47527 29086 38611 45397 40392 9423 31033 14674 39940 9645 27905 44569 835 39930 1865 44604 39818 17115 40326 5384 15178 46467 26140 11342 37342 8950 45872 41414 19143 47002 40479 31880 36895 4234 25788 38081 35845 37094 22581 44230 26103 28886 48641 33034 27649 49173 37613 39362 35502 14003 12012 24644 38650 14936 220 21262 38832 47331 49831 8620 27774 30880 2163 45119 43955 27843 5316 42764 42515 26952 5578 33622 24395 23464 19556 39833 33287 38326 1863 21409 41514 31908 35703 38541 8405 30306 36195 27614 7294 44640 18799 2677 29691 26355 47659 6556 37765 13968 41228 48356 48702 39244 25014 26548 47041 23259 33786 49382 33588 5330 28082 26824 31990 10276 2381 20751 36574 21964 24755 2608 47531 43646 10362 30269 2060 38009 43632 18289 22544 2447 26460 38299 15359 47499 42285 48733 16421 8926 38369 15631 42045 36413 41142 48717 16228 14335 31941 39481 7937 32582 22999 486 24502 37898 36014 17608 19706 8708 48159 39439 37667 8900 32859 40564 26101 38528 35191 7934 15074 11906 34252 12060 19811 6078 7319 37226 38680 35095 23178 7469 29937 18107 4432 7521 13324 21724 11153 10442 5106 19598 10720 36163 7661 24727 11173 27655 37196 12421 47942 43942 35696 14420 26287 31681 25692 27113 34300 49525 28952 39346 3797 31985 32670 47776 8964 42018 49269 40238 5086 24047 28397 40107 22205 31649 42215 17109 41062 16607 27567 32554 41149 28574 31134 49469 23232 37036 16153 585 21173 49815 1810 19661 30408 14828 18888 4097 42915 4312 27765 39330 41023 43233 7370 27943 14904 6114 36171 29008 31086 18987 48797 25578 41834 15684 14396 834 37753 10198 45314 15844 8437 9330 7175 44393 38527 2331 14000 32870 29004 26771 4397 15673 46083 22337 7473 29096 12520 46810 19526 29168 18717 40893 25120 31429 43424 41154 8646 3082 36420 2774 14948 521 27994 6338 30124 7675 42576 35358 16071 43168 6364 23791 44907 16724 1289 35232 41812 27837 30158 48016 7437 12115 20329 32951 3432 3324 5750 22896 47202 41559 39711 35901 24491 20527 3153 26133 40888 29426 35885 49302 45824 7347 30530 41805 25189 40719 41573 25319 21144 46720 24331 11044 215 48156 31206 40323 3281 7761 5053 10857 23538 2388 22008 245 21031 30056 48631 44859 5340 40689 24087 46635 11048 23444 9270 31300 36674 5769 5532 3889 46576 42956 44240
1173
290 31 16875
278 385 37013
559 245 20548
37 266 36680
107 50 36624
529 18 15370
162 448 40691
373 20 25861
187 348 29756
355 207 48545
400 188 16000
405 18 23954
26 449 38206
346 377 41970
185 476 45375
343 208 11928
535 20 30013
348 556 14882
342 266 17477
93 440 9227
245 165 45833
518 238 44880
359 217 15661
190 418 37104
309 504 31056
192 354 38760
460 541 15149
226 60 12268
222 472 8937
455 372 4666
519 286 23011
388 52 10972
140 17 38794
286 235 49404
404 303 22078
220 323 46924
71 170 18985
522 47 15074
214 289 39435
501 85 5745
233 366 9028
228 509 6840
462 178 5258
282 395 22646
6 32 28825
506 196 10767
493 297 37234
379 97 4769
83 323 43449
212 75 42405
279 171 49944
310 491 2126
450 162 2410
556 489 22841
440 169 37961
83 90 23976
296 455 11643
96 150 28738
131 39 24892
401 526 20023
187 314 28569
310 508 43312
280 148 1310
294 155 7635
10 336 29489
199 395 22736
541 254 4937
199 73 46456
246 547 22403
152 545 23611
260 472 46576
208 350 42558
161 169 44736
55 272 46592
263 378 26354
482 338 20555
161 447 32217
111 114 15788
311 94 35752
3 286 9426
223 419 35424
527 168 35187
507 487 30433
355 46 14632
210 554 27366
471 245 37212
152 26 32509
212 460 44975
30 376 15676
101 11 12870
84 436 27381
354 80 7645
325 535 32042
95 171 11969
461 277 16763
382 6 34114
68 215 44567
16 183 43591
67 504 48061
507 276 22233
280 265 21351
151 420 7299
401 48 5193
32 289 25291
101 334 5697
240 142 22451
164 519 36454
551 143 6320
522 281 3088
267 313 6106
336 123 14451
224 373 3809
537 513 17428
366 498 24646
223 204 22248
213 16 13296
174 66 37861
25 407 41829
523 294 24007
420 179 33309
7 480 41514
318 227 16460
566 231 33618
343 66 14486
86 72 7867
263 420 9821
113 32 33128
146 541 3818
385 128 19254
290 476 24342
467 144 23745
118 541 17556
530 406 15558
35 351 11823
336 456 29182
74 329 762
214 428 41494
39 366 49521
544 30 22445
25 456 31297
122 55 48914
539 428 19432
278 174 15894
105 331 15147
399 525 19137
72 246 7267
146 87 7046
307 286 36688
105 275 5297
551 105 469
206 102 1220
392 75 49732
231 18 32818
382 8 18500
501 367 36034
244 209 34409
249 114 25502
57 104 10009
283 231 24259
387 137 7032
126 542 36478
284 133 12577
446 281 15875
507 144 4855
172 280 44775
250 262 23635
430 294 24921
385 44 2037
346 544 38490
400 254 42008
305 442 43474
430 321 36621
159 171 20008
97 20 43627
503 451 31911
360 559 2710
360 258 40058
111 427 2980
134 492 32553
154 143 23824
523 459 21106
228 518 18424
249 26 22625
553 109 15545
380 307 34238
500 265 20617
270 120 43869
26 339 45090
116 394 5407
142 492 21674
153 562 42973
227 507 22479
317 431 49940
40 422 14355
405 426 30633
321 136 25333
287 476 45216
267 71 40088
444 518 49824
124 19 36454
156 47 3915
258 508 13216
324 501 39042
93 2 31947
344 106 49213
229 228 43336
526 55 16942
319 557 612
120 454 28648
125 268 133
311 368 38906
274 449 10605
184 243 35977
475 139 13502
174 33 2722
232 59 40675
559 488 49792
266 461 31823
430 88 30072
420 306 6825
428 505 32098
56 50 2032
404 146 19145
380 494 14208
352 20 44077
151 128 11828
43 42 46079
446 156 40300
141 331 34167
230 128 35559
326 392 20350
66 77 45608
442 237 9149
129 201 49590
555 171 48023
50 424 8914
414 488 12992
560 215 36717
350 46 30953
50 429 48568
377 483 32048
502 21 36665
380 160 7637
259 207 37525
248 315 13690
111 104 225
325 158 6359
116 249 48234
458 449 46695
89 286 12288
388 320 37701
207 94 7518
228 335 44896
276 425 14683
490 448 4789
35 404 22407
352 176 48270
493 491 441
361 234 30609
86 122 440
497 535 27665
450 437 27014
221 228 4572
107 315 16019
220 47 18050
200 263 38409
105 484 40626
265 97 39211
343 509 39840
426 453 15821
113 469 45534
441 415 12983
195 218 23372
555 248 37977
229 224 24761
213 151 16080
462 162 7444
152 258 27894
403 15 4560
344 386 29001
388 340 37218
177 427 5036
385 275 24245
507 12 24646
324 108 47994
463 321 47099
265 154 14749
466 486 48408
174 505 15667
31 74 30251
219 222 39910
380 224 27875
302 378 6146
9 207 44174
386 546 46466
163 154 39045
107 220 35545
399 385 18242
519 22 15103
59 525 46361
527 402 22777
553 281 42295
216 165 49876
486 485 42168
346 528 2950
471 254 45447
183 144 4189
53 238 9530
513 541 30803
21 303 45636
415 480 19520
551 383 29952
442 279 4791
425 281 13373
26 110 40911
349 204 3758
234 173 45077
169 207 22695
177 103 5126
60 1 26763
496 473 42601
168 459 33486
294 456 34242
232 203 20459
481 246 47135
391 55 47818
451 489 37724
331 355 9257
60 413 29279
311 102 29174
91 65 28957
190 120 5452
289 563 32657
388 237 32482
282 293 26030
229 562 13057
420 204 13604
4 147 37977
249 379 13433
211 553 21783
100 371 1980
292 185 12816
555 82 21342
366 563 601
427 198 5181
413 90 17079
130 356 15629
514 287 36100
393 438 37064
266 5 34060
507 286 46072
340 542 19688
409 22 36686
515 535 21690
413 558 10636
334 222 43403
98 470 29540
236 71 5728
247 237 46072
189 541 14633
232 517 35500
263 154 31523
116 331 20764
514 23 8037
63 57 48219
423 316 26151
283 450 33026
458 126 33706
522 69 26166
109 489 20626
414 340 33757
325 185 48848
317 44 6469
364 207 33011
77 427 31322
266 426 27806
488 532 42627
125 87 47984
210 143 6359
315 426 33485
310 346 39146
223 494 4385
309 15 43776
564 301 46278
10 363 23322
113 316 17016
155 74 13867
391 84 38760
407 88 37603
26 329 25166
546 543 46707
469 562 2135
177 1 21843
20 175 27826
157 320 19736
47 17 17734
145 497 8685
144 175 47937
205 255 48844
380 545 17975
291 326 418
141 148 1314
100 330 19935
187 101 34321
83 55 10403
173 358 1020
218 561 17792
330 109 8102
16 91 10698
467 311 45775
331 403 33368
232 542 44655
300 441 1567
287 62 31775
523 301 29740
511 298 30070
139 244 34119
285 99 42061
156 470 18765
220 158 7168
462 357 49670
466 57 4049
268 394 23240
336 470 12564
93 500 44449
100 74 265
395 14 30987
555 24 9319
107 49 40866
202 385 41352
92 47 35245
187 118 45706
458 492 30050
19 253 49072
348 268 22732
117 240 16771
565 463 36711
259 4 21924
208 449 5698
116 211 8914
139 381 20507
211 149 45705
214 306 18846
469 204 44282
415 534 40333
492 22 2657
351 21 48156
35 6 45408
116 245 15424
81 148 26369
7 233 27560
47 358 40359
245 510 44605
64 389 287
363 238 24932
107 149 42378
177 79 3622
126 75 25887
182 65 3649
423 497 3603
435 376 49992
199 393 33649
259 234 5475
533 333 38182
553 494 36613
105 451 39089
251 110 16779
521 165 1438
211 520 46743
83 449 49686
43 281 46185
128 481 48097
197 445 40780
551 539 46886
63 258 8425
452 69 8719
381 436 37147
430 71 23692
226 460 15113
105 267 6116
291 426 48842
517 136 36404
280 234 1300
162 381 37603
511 481 46789
174 554 15201
83 160 38585
405 258 1226
2 352 5959
334 543 33974
95 222 30342
157 295 3868
292 438 35403
315 472 22876
528 207 49019
445 136 8030
533 399 48819
349 11 22913
507 64 47545
388 468 20286
32 363 23010
475 428 30357
329 153 14630
513 344 22302
375 24 21708
388 480 35657
60 250 15060
47 460 24371
463 428 24066
3 162 40576
100 263 32043
223 376 32360
350 126 39885
392 341 24632
59 7 12102
384 509 29637
25 345 15633
85 472 26727
317 50 5052
482 127 16468
522 418 48460
343 562 16849
76 441 7198
117 202 2898
229 289 25793
440 556 23503
204 508 29788
249 451 8429
86 260 17598
408 519 39823
261 374 15655
358 429 37599
479 295 13644
491 32 31562
225 455 32837
462 552 34229
329 470 19189
524 408 37086
287 492 37680
330 328 4148
522 332 47057
9 114 28670
493 474 43615
116 350 33561
28 464 45194
507 502 17009
458 26 24205
26 243 25964
9 480 24963
304 249 43236
389 544 20570
134 497 12841
334 263 20484
523 80 32850
396 518 39958
488 185 39911
225 109 3534
274 173 39847
228 421 4644
513 549 40608
148 313 27789
290 243 20132
440 42 3611
418 80 22740
236 412 46962
286 308 24446
304 189 10622
528 56 4620
389 180 38307
205 147 42993
546 424 16120
534 254 35450
159 403 10447
499 484 22759
475 204 42649
395 477 49675
125 332 20787
269 540 1453
537 296 39076
77 378 26552
426 137 27156
22 353 22202
309 521 37995
145 414 48528
20 351 49401
514 464 27179
342 341 31429
180 370 34147
225 509 1872
463 75 49238
360 362 41736
95 123 35021
31 250 23393
405 286 2298
315 20 48859
560 114 7880
324 418 39466
133 489 34437
405 111 39115
86 441 13814
38 64 7317
431 246 8578
96 538 45902
416 127 35743
302 289 5402
397 513 21393
278 559 23253
141 379 10936
187 439 33383
507 505 5377
522 483 25898
496 277 13879
451 154 22219
99 208 17727
519 328 8045
409 237 42944
383 85 17556
403 429 35913
260 295 41429
213 244 2686
205 264 43282
220 279 18396
524 486 43608
11 547 9295
110 154 35073
280 380 39231
300 340 1944
145 469 38177
230 262 34154
566 432 22228
342 119 22265
333 516 47094
423 13 7532
58 274 2513
228 73 5697
496 39 38092
404 258 33274
156 212 39825
108 560 25035
440 352 42480
206 459 30559
216 77 49334
368 198 39628
524 303 18775
157 558 33299
411 306 29623
318 427 11674
134 339 7680
208 235 25849
89 352 32763
44 545 35474
149 181 20917
122 541 35061
121 47 43292
239 453 48605
564 480 32197
23 467 38136
312 540 45734
294 525 32035
24 485 24852
130 206 43310
511 472 11922
317 370 8475
37 465 38582
291 41 47895
130 534 18537
371 158 43497
244 67 2521
57 554 20488
205 183 26969
43 45 17641
261 56 6712
93 166 25960
537 456 3980
337 129 32559
86 183 12202
434 67 38283
285 46 8551
496 510 6339
539 360 30744
14 453 24199
306 46 40450
302 316 43794
377 436 15874
290 403 42086
245 356 42155
479 33 40286
365 237 38020
70 209 24489
469 316 13065
188 508 30989
309 147 7765
471 232 28956
454 509 24160
110 102 47952
232 346 40694
460 79 43229
69 371 22615
197 492 40673
294 402 5545
38 328 44725
408 43 18527
406 313 11002
93 460 27822
177 12 14349
31 73 21935
300 91 48324
129 476 24049
389 286 17815
538 274 36446
177 308 13460
499 502 48041
305 235 45607
359 509 9358
565 113 8614
48 29 37824
3 55 16754
505 136 36702
244 481 47202
492 158 13093
475 244 12217
152 465 22658
10 307 41960
388 552 18515
305 55 6449
194 78 36368
43 316 15013
466 492 15708
176 464 31474
278 270 6390
14 485 43423
400 274 39136
242 277 29490
121 504 10541
301 376 20590
347 337 12438
523 254 40372
523 329 15776
383 528 32143
265 31 31940
125 481 29487
450 147 31882
211 150 7462
319 108 21170
283 546 35304
192 296 45348
37 446 12557
134 370 13620
195 487 12753
251 176 1189
124 251 29984
440 183 35362
195 339 1717
161 398 41650
475 482 26249
218 394 19205
4 487 17293
321 275 37126
174 411 2676
344 510 37316
284 76 3459
208 486 4757
246 102 47699
255 411 42663
57 426 15325
473 563 15265
115 262 17546
253 42 33586
25 89 39265
360 339 6368
75 137 16635
458 519 32105
241 166 35097
398 173 588
34 18 34586
210 392 43201
107 356 34174
226 269 45199
336 371 34340
383 262 4789
475 394 2650
253 29 30234
503 254 5276
354 169 45171
413 66 45282
327 152 25720
63 50 32824
253 18 9221
396 55 48891
531 150 25969
331 316 18544
346 561 15410
36 94 10862
430 126 11834
342 110 29153
187 209 44012
59 80 15726
96 506 38007
257 306 12187
226 500 39089
115 453 43301
164 311 3145
131 559 11071
490 266 1105
280 176 47348
110 154 20128
145 73 47047
550 112 41152
420 448 48473
211 394 43067
286 88 33358
390 23 1590
535 489 6633
379 511 37065
289 212 43904
401 360 49800
36 201 482
288 358 12716
450 425 15775
397 494 12424
408 170 48719
418 175 13801
475 427 29430
410 465 36637
164 281 25144
25 415 38736
308 547 19428
101 407 14966
227 506 6541
337 224 12743
497 398 39479
221 477 18110
304 2 28788
393 547 6223
537 416 40655
245 32 11620
60 199 40060
393 517 22777
486 136 21444
499 256 49511
181 176 37671
51 519 32411
382 93 44487
340 39 43950
466 493 2699
371 167 25289
85 171 49380
226 302 35773
524 269 5277
223 302 18778
221 339 30594
326 338 27175
240 280 36527
564 12 12367
486 21 21857
479 111 17348
117 427 40050
169 33 12930
273 436 12786
559 436 28934
10 123 48809
399 112 31043
478 430 257
252 447 37019
284 388 34946
153 80 19004
134 182 26765
343 186 2873
534 297 25520
277 468 7534
553 177 11940
273 490 4118
492 363 35537
112 110 30443
76 378 23185
245 72 9075
327 234 22321
186 30 29942
512 153 23960
360 80 26124
330 94 30019
139 402 876
29 158 31416
267 312 28844
371 46 5858
287 18 21379
91 341 15514
200 526 18510
99 473 41368
49 279 24790
337 270 22154
235 47 45175
292 508 34299
435 64 22106
34 468 26945
172 127 2952
307 102 17243
315 153 5950
214 177 45957
10 172 13401
285 77 15929
533 430 1922
263 178 21349
523 280 10583
323 128 38484
543 175 28241
27 62 7243
244 71 44134
290 339 6402
529 81 21765
100 181 33523
506 443 34090
213 465 49595
235 536 48497
451 73 19935
507 14 35485
410 469 29822
280 48 437
251 455 45710
278 53 4446
100 392 20082
269 357 8623
291 326 1426
105 221 32860
121 91 23013
226 350 35507
551 221 9223
413 351 41961
528 456 21921
271 465 49384
467 17 23352
290 70 48884
486 239 7055
418 372 38976
349 516 12679
141 395 43982
530 135 39495
342 169 28752
457 307 13688
512 387 42316
440 119 32244
58 501 46396
304 414 29551
141 113 45697
388 368 4562
224 239 24034
284 352 27213
134 462 9899
119 204 41884
539 506 32783
146 532 30609
63 263 42510
241 520 42152
515 123 38705
400 454 44454
277 111 7117
400 132 35065
349 560 46018
302 438 1158
268 481 17501
109 181 1359
115 28 45015
232 243 10478
63 437 10724
325 279 1515
252 155 10608
442 271 44159
414 558 20611
101 464 23993
179 297 35520
2 556 30893
534 144 10692
155 562 7319
384 552 12001
356 448 31593
360 415 5531
348 53 49548
531 365 46051
271 429 48388
285 453 32042
304 406 31361
337 341 49079
97 483 30068
10 193 14134
126 165 47535
225 329 38446
389 193 5682
72 135 47520
63 91 16934
291 45 5343
209 363 47792
273 517 32015
182 7 29205
315 494 27745
423 324 24135
192 119 11772
300 33 27632
278 306 34060
224 548 46317
490 437 9312
285 334 11002
331 87 25015
324 411 20476
197 356 10038
327 140 43266
194 540 45526
248 83 14335
342 379 37819
31 75 34324
437 233 9542
7 429 10691
417 21 25330
65 80 16614
112 329 32807
555 59 25029
226 355 38336
87 332 43868
524 486 37947
271 335 13852
130 215 12936
276 535 46857
84 186 29933
440 488 48821
458 561 34850
372 518 21559
119 254 26701
117 289 34965
261 94 26051
174 494 2408
490 442 24070
343 370 21754
511 351 10875
342 129 33336
203 198 43016
257 543 15606
28 77 24054
441 178 31400
529 167 37242
154 279 28048
562 196 32588
186 497 44775
111 81 44225
242 333 13142
213 386 30374
496 166 48534
406 176 21383
22 508 48682
89 505 1301
506 22 9922
283 74 25283
299 510 3138
271 189 30508
425 262 10849
388 238 28129
261 144 262
530 215 40716
331 274 14113
383 197 44990
344 563 18328
271 427 22115
97 175 2129
529 404 29781
415 501 5576
384 87 21712
322 525 44092
393 87 14892
376 508 15838
61 422 4387
312 233 24317
122 448 13492
65 45 10634
95 206 32393
466 188 29224
491 12 49505
317 485 49990
231 26 12084
287 470 30542
184 45 45250
496 340 40633
197 73 29993
235 447 21840
523 293 9729
29 217 8920
388 140 33150
226 448 38263
205 211 13303
103 204 25666
519 41 34685
428 75 10728
243 351 8443
539 362 10439
159 481 25733
513 75 41480
63 253 34985
496 108 12852
188 485 49329
180 274 34752
512 157 46541
564 481 40159
253 286 35350
465 552 17090
426 465 14609
399 197 13569
415 546 30940
538 48 43607
98 276 24146
414 151 22722
167 21 46673
529 370 42913
116 135 34131
488 254 24894
116 379 1913
232 297 41490
278 529 26929
235 301 8253
321 464 7036
142 431 32384
331 28 1919
405 192 45672
159 545 47977
349 131 7462
496 73 39907
71 508 48452
359 443 31625
214 390 1170
529 412 24241
524 309 33045
396 392 6717
88 281 15102
502 7 6995
114 171 38576
336 374 1926
68 21 25807
284 143 45944
390 363 14999
351 114 34665
380 139 24950
553 26 48939
425 79 2649
20 196 31994
56 234 15836
384 484 36036
455 275 2949
231 81 18899
185 15 1100
225 483 19028
172 425 25375
539 329 6875
182 94 48072
475 194 2607
550 502 27558
450 179 9128
426 411 7571
31 541 22867
444 522 25349
34 6 13392
482 125 11785
325 502 21134
200 336 31876
495 160 25910
236 290 7687
83 46 6552
310 188 44362
10 20 25113
294 7 511
99 348 5812
142 544 30909
116 309 27918
231 18 30525
550 2 13380
73 171 40191
37 82 44806
442 279 31331
