670
37477 75008 4506 90648 86700 79155 54783 86513 72323 58186 1685 65600 19832 2104 83098 31660 94641 46242 92060 6804 66848 13831 83379 33303 63996 98517 79946 73925 16498 10249 95945 96741 25431 32997 19151 55344 7373 67701 19492 419 95992 58938 76067 83590 5044 28695 39810 39493 82501 65726 73994 57017 10465 43901 39739 75627 30581 68000 18739 67737 99622 70391 90382 93048 4930 7014 5444 35797 94427 26132 23566 60854 839 8258 6674 49608 64872 728 85555 1567 86974 95325 41754 12628 62423 22413 72005 65938 79390 60022 27352 96291 84674 81292 44181 14000 46812 88748 9319 99182 71235 8829 26416 2376 47157 45102 75773 12471 30894 13603 84821 77831 95303 8755 51431 91596 5 73283 87245 77076 62117 70566 73204 34183 32140 82880 44489 32827 4727 83947 47024 64235 18989 59240 32766 86106 28046 72483 85936 22557 42505 1779 97410 4794 77544 93800 29429 63436 58306 9484 37838 8442 63273 59678 44027 57573 10320 54149 73764 99321 15137 12422 5119 1258 76689 9868 92653 99726 69424 57479 60054 31807 46908 38779 78438 95532 86567 52301 72465 49233 30233 33057 21480 86002 178 51467 47864 44183 95326 13152 9776 39837 97318 8050 40477 32114 41148 82286 1424 57481 30017 31230 41326 93724 99120 37190 78332 39680 58052 164 47566 21629 66507 35102 81174 62282 22969 34105 13074 73299 71077 17006 25611 57292 53356 18766 80283 30228 66995 87125 99745 181 1366 88939 93266 63375 61971 48658 42830 3437 10493 67359 92075 4832 75661 95784 5238 16370 14591 59826 88326 25766 29312 61891 89663 31167 68152 6571 22033 20587 66667 24079 73586 95197 7825 89870 99699 97387 6102 63894 12987 29565 45196 97915 13644 74611 24039 84327 27303 53920 90804 44926 42600 83996 69580 83048 65641 17503 9417 47526 33539 79743 10415 81907 54236 36460 6559 57352 64764 53951 9970 12671 25166 37387 46280 49924 90243 58296 35799 59020 26312 7145 69763 65193 31959 99240 54780 12565 48907 27677 31755 52923 35807 26306 38428 18292 44466 87547 78775 12911 92822 59841 63826 11045 22789 80676 95546 70146 34782 92913 67214 26520 34823 24100 78760 65711 55191 33465 90456 84771 34545 56270 63447 88620 68455 213 60525 87669 66275 73577 5591 88904 75315 49793 25255 97614 58221 98128 20994 71947 34526 35162 45324 97495 22292 76765 80399 74073 40789 95243 42503 31902 60148 11344 60850 19376 8924 75827 4142 29587 75506 20254 53316 57818 64308 81720 43919 7173 92693 31191 26553 84550 39547 60141 18825 54117 81455 5183 47228 40510 77412 15370 2413 98920 88008 91864 56276 94255 40016 54649 14286 56586 72341 15993 1526 5040 24241 65326 5840 57340 51778 95235 26565 67171 83426 23258 2256 56579 50775 89176 15855 35569 55283 32459 742 26092 56978 79602 96100 32625 96093 95993 25029 26513 83529 82023 93864 36274 21120 18128 36106 61040 37614 88440 49436 49337 51306 37735 99218 10387 95281 41376 86953 50105 66186 92932 7106 49004 82479 39147 40759 24173 63079 16984 59501 42531 62374 72382 38029 77531 22510 65456 98863 28899 91801 37633 30892 79896 74602 2373 66359 6560 7233 25253 95289 3469 51024 30184 98552 56489 17899 64752 28898 78464 92564 29898 53113 88750 73926 5788 75136 97539 40450 97321 57312 80895 69122 47688 81989 57463 62706 93451 20623 2765 65005 59554 2600 62041 68786 17716 943 47550 46070 56641 77108 31296 55481 37476 52047 69089 6318 32970 95729 16897 84068 73755 25424 67024 50193 43093 23839 88704 43236 14625 28611 25763 82714 23836 38374 16076 56509 77700 768 36685 19051 69427 62190 96302 72557 78431 36385 22038 19463 26258 52839 45075 9498 5658 70874 14936 29805 24984 70419 97066 11581 35119 55374 33392 51653 31101 30503 70569 72429 45655 37811 85583 68670 76788 63320 63401 14521 16676 50199 6375 29221 73990 79180 80051 24949 6872 2191 25104 85242 8753 40159 90076 47401 14172 80893 64589 87358 16817 38026 17750 30403 16954 56908 71410 36245 40441 78424 62969 31814 96508 96650 77434 90258 66498 71299 53388 79570 40747 80891 92583 29284 45805 27577 27827 88671 29166 29571 28862 74872 93714 62101 50919 34425 99057 32852 55632
1284
19 396 81944
623 593 86129
528 190 62428
19 351 68535
37 477 27548
635 114 82522
434 109 98544
79 265 22245
63 629 4621
449 568 3058
485 587 91890
531 437 36307
376 419 91468
521 408 43281
626 294 58025
223 271 12114
401 614 46135
107 330 51599
578 528 1811
556 389 20602
28 460 3754
268 653 13481
69 344 47396
255 271 23427
227 510 50602
90 541 18880
85 494 8696
490 497 65467
547 591 39569
168 90 43632
143 510 22453
284 108 64735
476 306 17548
216 321 14302
401 334 17816
606 379 31348
24 302 45247
376 313 94338
132 459 90331
195 446 49165
577 351 43288
458 182 30725
352 114 63137
205 307 31943
143 202 62770
548 312 3060
579 150 5390
623 185 75192
380 138 41712
326 541 18691
478 212 80655
586 463 55337
554 424 28976
94 385 78872
567 47 37569
231 92 74828
610 541 48443
155 239 77939
340 294 14490
15 574 23450
138 525 81212
394 324 28375
488 203 4939
360 101 54755
665 465 5464
431 127 12084
111 228 43302
399 18 30451
651 540 47669
291 71 52379
320 80 99111
399 641 14776
15 47 46926
350 630 71470
116 353 52786
512 583 11819
463 172 81311
469 135 9374
659 411 23565
518 152 80131
383 10 74017
121 36 84712
307 367 4826
452 30 52957
98 229 16661
281 89 34761
454 20 79394
181 386 3705
448 22 10468
414 51 69251
376 463 6408
364 223 13603
97 240 84873
205 175 96528
171 304 1029
594 166 99276
550 389 25968
484 22 24853
119 297 52033
15 187 49003
206 24 41030
21 657 28417
495 429 40666
473 607 25497
61 637 60378
657 232 55148
328 29 7736
299 520 74648
638 361 60526
626 16 25310
563 587 43017
415 448 76337
58 131 13689
284 36 69084
337 292 16126
432 623 68621
155 369 33789
363 279 30648
205 590 30891
399 597 70400
603 77 84004
200 662 8887
383 482 67891
393 569 8763
292 3 47973
385 22 18305
469 461 93770
138 249 22488
292 261 99484
647 478 29867
93 326 74321
262 534 72915
220 516 92416
665 622 37571
546 537 4980
550 262 45727
187 655 59625
205 111 48473
499 178 89794
7 356 38444
475 408 71345
605 500 54610
9 305 1327
36 590 26304
505 6 21214
340 571 71826
636 361 690
523 241 81145
472 247 41837
380 227 23851
13 163 34936
416 10 71983
463 16 26280
641 105 36289
187 566 80756
15 616 2598
148 187 70576
417 517 99139
16 459 4986
432 29 46819
337 617 96155
82 605 69670
380 605 28269
345 148 15383
488 602 95062
204 90 99189
572 378 7419
274 97 23151
180 424 42380
615 392 82625
259 166 64325
204 249 53461
381 226 22397
362 640 73528
19 657 14321
48 612 62861
372 73 75257
122 564 30969
553 116 69522
635 583 95526
25 342 46081
404 596 62976
409 206 11827
287 290 10328
44 218 2393
87 395 25754
623 338 6824
219 551 83804
153 170 59718
572 196 91373
475 517 3408
450 356 76379
494 223 28516
572 410 76351
536 601 79162
560 596 49527
434 552 31063
136 162 22633
267 58 13347
582 533 89578
497 297 26667
266 217 88139
79 608 14975
215 323 92071
323 109 61388
327 164 73108
503 164 48815
377 318 43265
464 104 59959
519 221 29604
23 239 855
631 424 83660
617 371 46470
286 589 73794
394 152 71811
115 13 67550
187 633 39706
332 86 83300
257 53 72427
264 399 20517
202 265 16419
43 34 67504
355 577 27352
139 396 88416
160 43 88983
563 244 58695
663 156 2818
116 25 17858
471 347 20152
641 666 81345
527 566 49759
357 585 19024
357 422 50382
120 123 25596
521 117 67026
330 3 40803
449 476 99000
259 445 99749
476 163 1932
111 13 17511
46 375 86218
6 288 52125
216 195 58169
306 97 54821
401 133 34502
72 511 36215
563 47 2777
230 345 72290
638 54 75322
378 382 28511
69 101 64929
423 426 79716
532 399 42973
261 401 44161
160 3 27783
283 523 80042
307 448 39545
579 311 44985
186 441 38745
44 121 61226
337 49 53746
637 544 79068
528 256 49423
26 536 25653
563 392 53988
416 369 50606
4 124 28125
243 550 43097
562 381 67316
461 244 98970
89 91 32709
505 146 60542
665 652 54405
61 420 61274
594 47 24394
372 217 66929
418 419 93601
372 552 63061
136 25 84126
42 351 76392
379 161 20522
374 64 67855
488 148 47643
9 408 58350
596 210 9469
285 648 37730
264 529 16639
193 543 20464
44 456 24328
448 575 62897
106 14 67593
398 117 18914
126 486 13671
276 517 97740
290 584 44548
74 247 63581
93 336 22026
257 344 44148
273 566 40606
665 427 78206
126 18 74703
338 11 27660
307 29 6961
267 446 72205
577 135 40147
234 270 41335
49 618 66357
494 437 92149
305 256 32709
363 550 54698
497 320 34144
553 320 51819
176 292 96727
453 568 58886
563 426 85219
23 516 86999
415 372 27531
154 301 59660
400 84 45880
331 67 14740
664 77 98392
280 238 91006
261 627 37473
55 80 92224
82 634 47568
174 335 49695
349 581 75169
529 419 7135
272 504 92306
314 75 65972
121 300 33690
215 68 86440
316 156 86656
403 622 52327
294 497 27496
521 516 76967
664 476 24875
98 237 87046
273 551 77050
87 383 5980
285 379 72402
319 413 50619
267 610 29136
76 180 90052
380 621 60325
192 655 5914
586 513 44100
629 124 44132
655 164 72389
427 570 84641
358 139 92238
146 234 17284
127 259 31923
616 492 89554
252 398 29845
18 523 85871
274 22 30572
92 84 21177
359 425 96804
180 232 96475
57 482 94923
143 353 20452
313 504 44288
193 526 74504
632 96 74707
664 397 15333
63 187 61723
486 40 12496
467 196 96217
593 172 61876
591 103 12690
374 101 67192
134 131 15439
207 561 64342
340 28 31523
25 548 26063
523 48 9697
245 291 82622
234 99 32554
545 563 24215
663 665 72439
638 52 71034
338 508 57018
651 144 52527
651 22 18660
364 105 15862
435 348 27541
416 80 55171
553 249 83500
638 484 85318
451 101 3495
227 593 95991
299 637 21739
526 547 64344
589 178 97554
664 532 65768
609 216 920
648 666 13316
616 569 59305
345 627 50474
532 255 92516
325 277 95033
623 405 21510
266 620 90640
600 110 28643
579 11 62332
236 85 77613
8 556 5431
374 72 25883
111 317 12552
136 45 10948
603 507 95308
136 632 49790
281 213 45574
495 225 2497
594 620 47995
462 152 40748
44 558 95278
26 520 90727
347 178 67697
668 219 33199
589 585 83909
61 518 34489
272 611 78929
514 68 83992
146 336 10523
193 300 90978
325 554 95416
38 642 10083
49 636 35188
579 7 47656
296 460 67686
125 600 58365
381 272 99551
106 201 28981
140 219 77063
535 114 92069
434 30 89727
93 510 85981
430 523 61476
81 472 42931
546 256 19213
378 290 38438
120 370 85255
543 382 6216
120 370 61430
447 624 10138
449 426 29830
105 150 5332
5 392 86607
193 49 2898
168 187 98467
544 115 36437
251 86 69875
143 409 65717
106 598 54677
446 632 38789
17 183 8098
168 296 58713
289 74 65323
76 584 9859
458 217 90197
462 335 17963
496 387 21550
403 262 37598
359 128 49312
168 582 56738
85 620 92836
562 236 52227
544 597 9829
320 433 51539
243 109 57152
578 543 86492
576 258 86475
93 80 65903
447 634 52995
231 57 30874
555 213 6302
493 249 66937
63 437 78346
283 271 91509
449 508 89419
126 18 62298
89 115 42756
154 86 84160
131 386 68748
230 641 68801
586 561 34302
338 312 88646
396 73 18427
352 110 24504
645 386 55817
251 135 10812
89 467 52929
626 102 56422
139 185 3282
146 642 45124
642 166 71237
299 13 6038
69 424 7336
664 217 89275
656 470 50852
189 620 23829
486 135 35134
461 247 32286
175 576 46151
530 320 70710
15 365 79946
29 74 4315
139 593 51483
267 249 66438
60 574 49421
336 298 77296
533 413 66069
337 223 70335
177 260 43960
489 459 19708
402 621 1230
543 477 77434
564 3 71702
416 306 59235
526 288 76653
44 625 6766
515 300 44979
603 373 72337
242 217 18490
95 652 99186
317 206 57530
174 45 808
333 161 79459
393 30 16473
565 247 86475
496 424 71360
556 355 77366
160 362 5554
188 375 69764
105 481 35417
448 638 81813
82 301 3082
585 612 52933
488 593 32359
19 662 52741
286 425 13770
435 510 35861
134 614 20433
119 73 4878
434 450 83523
414 27 60469
367 468 92014
116 307 80931
357 633 8414
529 489 70100
462 144 41631
168 302 37985
355 406 65084
565 144 22701
12 326 76126
564 78 21659
447 309 56026
295 559 41590
605 583 95146
543 421 96078
189 326 37658
432 530 33729
84 247 46357
380 179 86197
603 352 75068
227 275 7203
536 218 48332
435 155 65760
340 108 89693
476 400 23413
253 161 29262
206 554 38828
515 405 14510
550 359 73191
603 291 64071
649 200 87250
578 43 5704
410 29 36347
149 195 26253
327 419 95061
378 410 40111
313 288 94858
495 596 74098
31 516 10778
377 528 92114
298 382 27659
75 269 88925
28 147 74322
337 46 41015
123 106 77137
544 272 25625
550 568 66896
373 470 19507
572 585 89115
127 628 45990
414 255 84146
475 512 60905
231 68 27173
83 591 6147
443 59 33547
457 98 20990
119 236 81797
404 565 54238
346 154 15055
449 501 44289
151 421 32458
337 363 13658
452 95 57650
254 309 23458
102 269 40608
357 343 71627
525 398 86181
345 378 35115
173 587 58426
304 565 38718
10 477 38875
604 108 58930
546 508 74274
512 236 99340
246 373 95323
345 34 96494
609 438 64283
514 300 20052
299 37 49292
246 88 79824
571 222 24805
459 541 83057
558 461 59601
307 184 53168
471 60 89862
111 72 67828
132 53 16531
132 523 28139
196 588 48944
435 319 79079
476 244 99714
333 309 2167
415 248 23903
535 166 1662
284 47 77284
332 530 29256
296 565 98796
566 219 77023
525 443 38108
402 409 33568
403 421 23707
125 249 4957
411 263 96534
193 313 30208
630 262 781
112 156 90697
12 150 92260
538 446 32210
350 330 34478
119 557 63188
647 412 56095
62 295 43509
1 271 78089
160 382 96616
485 398 70540
469 102 64126
411 548 79226
593 397 18655
368 399 902
114 312 22463
98 39 97508
643 233 29855
515 111 14465
555 397 55315
504 74 76758
261 212 12960
546 59 84195
307 395 89047
524 139 69739
521 372 82502
664 151 89382
521 258 67799
432 552 88438
46 14 37953
6 341 79927
371 534 50190
522 651 2679
633 620 7283
423 446 16649
121 83 16556
105 46 35451
257 332 17510
479 94 26934
331 286 39424
380 238 50442
286 502 51483
525 620 55394
538 115 74113
521 36 42503
585 627 9032
54 303 48504
340 538 27342
562 288 89278
106 343 4269
292 454 67959
131 566 25009
177 598 24167
260 166 58518
666 48 20205
64 323 750
526 287 88557
640 150 57172
109 129 88085
456 299 58599
284 527 40107
81 249 27829
646 437 65439
306 232 2660
224 203 22492
46 520 82925
472 203 59659
19 164 33491
336 379 64875
174 1 98960
438 102 47445
597 309 71756
631 382 51028
509 497 57315
589 600 57981
464 59 77156
285 347 76871
308 450 89440
532 253 85943
630 35 32979
349 382 16811
276 454 49202
335 398 90181
530 260 73427
403 361 21340
659 500 39372
475 228 63578
362 290 20663
404 80 33585
512 7 57152
532 608 2873
581 335 69745
204 489 73437
631 20 81555
285 500 82889
177 584 2723
553 111 68233
373 468 15812
280 83 53284
418 442 93714
373 548 82216
88 428 32690
524 460 40615
466 109 47837
490 571 49937
416 158 441
200 131 5375
359 466 65519
307 526 71146
92 486 93841
297 425 57836
402 91 7346
93 71 34798
239 481 41392
574 108 12948
649 222 22316
243 244 51864
314 385 13762
631 95 48916
524 283 35427
41 171 85443
213 535 45009
352 621 21508
645 625 85442
358 85 52641
251 130 31505
328 369 37791
432 319 69671
156 496 10005
555 104 92126
667 568 20589
153 295 9469
523 508 8303
406 249 68856
386 632 94401
7 66 8213
18 628 44533
204 53 15614
622 110 11667
501 199 67838
204 576 34722
479 11 55348
195 583 88294
609 639 66208
287 330 91614
349 632 27134
265 104 76905
251 458 93434
309 269 66688
77 133 79350
410 582 12312
156 140 71089
246 247 72582
94 46 98313
188 73 65119
558 361 67586
501 577 79807
24 628 61684
60 630 74406
579 88 57670
370 261 21572
52 643 19651
383 554 56539
328 10 37548
527 210 683
350 191 12242
92 454 16055
220 190 89822
403 384 66517
91 190 69958
662 590 13668
435 183 56671
89 398 21026
603 169 71695
118 300 61771
654 361 85765
508 144 7461
58 240 60727
245 616 22691
616 68 40528
109 222 94618
457 670 78242
475 372 14883
175 482 69826
287 412 28592
579 453 71157
155 400 37309
87 125 64505
5 135 82929
538 528 39468
655 389 72047
26 663 19780
591 477 20273
353 224 95888
647 265 85131
220 208 67157
52 151 46015
517 344 6097
221 305 67137
644 306 3080
499 387 53921
49 71 14199
168 273 50839
665 306 8346
44 454 79508
601 247 86828
256 277 9834
281 144 13988
167 358 91044
473 319 65658
213 667 54442
626 271 21331
9 237 90512
525 303 84583
659 436 51052
143 655 28428
641 489 65191
482 334 68768
130 10 8181
469 596 81065
136 669 99641
468 269 75908
633 614 72417
181 441 82169
303 453 40389
255 597 95770
354 653 58992
657 387 57093
415 485 20397
418 110 66901
578 34 83131
478 279 53135
171 3 63136
559 410 54052
83 272 75425
440 256 3122
137 74 17379
619 3 18823
567 642 3325
308 335 38586
28 485 87551
479 318 65772
369 161 98510
103 142 94021
148 564 79968
649 202 50861
177 521 27538
576 484 47976
374 381 21090
524 191 67743
204 335 76713
476 236 3925
467 172 24463
418 300 21920
143 579 89020
177 385 81451
282 283 9434
236 128 99504
583 114 83365
149 173 54927
568 258 42015
334 297 40901
105 68 31907
644 148 61214
377 155 18969
71 164 47069
593 393 62985
168 605 28258
455 582 91546
171 548 67091
85 24 25495
341 544 6248
593 115 26456
594 70 85039
358 257 46749
354 430 61333
340 194 89351
354 161 96146
355 30 38836
26 579 16538
372 321 47555
559 523 84314
430 390 93343
81 309 30649
38 398 47831
599 666 30979
571 203 39782
82 9 74186
213 574 19829
440 34 44569
165 101 70883
492 326 97963
378 519 65262
208 534 94226
115 581 75644
468 582 88708
582 387 33535
268 207 28280
291 86 21830
645 264 66800
613 433 44889
479 90 14054
235 340 35177
415 40 56629
581 326 93916
86 459 73224
63 240 29257
401 80 49932
643 30 52418
368 500 15750
10 437 78798
419 667 34248
328 37 63967
544 601 24965
496 408 22945
512 36 69827
163 117 46014
586 125 11720
457 431 12612
664 396 989
351 37 18878
538 394 41939
575 265 33675
513 584 46877
107 138 15125
255 585 67926
363 630 29631
523 202 66468
316 504 78240
429 233 28927
69 244 37139
432 301 7444
589 481 58387
245 187 98004
495 12 31736
538 569 88865
474 172 57163
480 222 42860
514 491 64286
143 309 46065
231 534 58667
154 300 52459
112 105 86546
624 14 77496
205 62 70674
567 336 1536
204 131 43266
329 141 63057
515 356 20043
530 398 73009
44 222 66054
88 142 21903
468 444 31321
16 293 7512
467 22 75674
100 621 94212
145 298 61431
325 619 38258
339 600 24426
391 222 76743
520 67 86308
353 3 9066
515 244 61118
638 83 71375
486 260 62820
656 273 90302
122 12 96953
332 482 2570
206 408 40132
362 229 66425
571 446 47009
331 280 36377
154 657 84867
32 654 79744
434 605 8438
360 39 59071
346 513 1861
667 74 45172
207 648 49480
493 21 84982
123 630 4025
352 188 97051
229 109 5791
16 75 25343
579 283 15369
494 387 26293
415 570 62880
411 118 46168
462 155 42833
213 571 17828
235 262 33105
654 354 32596
189 130 8130
626 549 7077
38 162 95266
165 538 31943
167 111 16185
193 194 31021
512 240 24800
28 348 89643
650 541 27449
231 423 19298
25 364 38173
528 262 17865
438 273 80953
653 406 36175
107 382 74902
331 97 76457
165 367 77272
594 352 20292
518 343 3250
267 184 13759
274 436 55351
165 443 16906
399 628 91992
495 369 34572
41 630 18424
660 330 61227
560 468 24751
618 593 67619
641 254 91228
295 181 29545
371 233 68570
340 631 47042
465 601 63651
407 239 52558
7 33 42972
58 372 19910
75 73 52104
224 183 32521
476 659 19555
224 195 78443
388 114 66109
460 110 22244
264 235 48050
148 315 23132
516 102 8680
204 199 13275
449 169 51230
112 330 4577
513 129 46690
106 96 83451
216 18 19725
172 511 55614
27 588 1528
391 429 42616
346 439 44039
416 102 67769
79 20 71277
558 412 2477
501 486 87942
466 217 14289
107 462 19147
318 65 6860
231 513 8187
246 515 17358
6 179 70748
49 183 37483
193 503 10001
505 464 18363
572 483 16320
51 24 48123
307 436 29673
69 137 18151
49 373 25092
501 535 45468
505 188 57354
195 181 6911
535 312 69531
88 614 73715
466 290 66491
423 13 56914
438 426 78032
211 361 43151
156 327 17368
292 639 30053
432 552 99311
390 240 13587
560 133 71224
592 277 10248
119 114 40467
351 546 53573
176 484 54361
292 511 88688
119 496 40320
143 634 62806
28 600 20109
512 40 89224
527 613 18827
286 299 41767
179 249 277
134 48 62140
200 393 18840
314 433 7379
25 546 12522
618 122 40993
273 210 83477
498 462 44885
450 600 63976
307 27 94907
167 422 85789
627 566 40519
432 603 25213
284 519 49444
337 651 58119
246 103 56903
224 20 42392
36 661 42896
31 569 32288
367 612 16846
577 625 39702
488 615 93392
414 378 80485
56 269 68224
292 506 84519
105 147 37632
71 244 48665
251 569 12934
647 3 21054
118 155 78045
519 226 83746
165 103 15077
466 581 36412
283 513 294
208 67 96608
322 40 78967
378 548 46211
488 200 79259
377 253 7969
466 334 51184
318 426 83604
451 566 19252
447 11 97111
225 76 9668
149 597 70959
28 470 16895
16 37 96208
215 201 17584
391 517 58867
34 232 67260
179 620 40290
209 568 88057
600 592 2980
243 575 7032
136 228 22604
643 561 95482
577 45 48462
668 243 90747
116 499 33443
337 186 45962
159 240 94177
95 584 79331
93 394 98845
138 421 45170
274 561 83891
646 301 98221
287 590 28932
56 420 60830
255 273 1549
604 30 22794
560 343 29031
9 182 64939
629 203 69803
527 52 58811
428 144 87109
336 510 96104
544 206 22906
385 410 91322
236 655 29774
218 303 82481
23 454 92979
340 599 22070
351 191 63826
388 620 52822
373 75 29598
292 65 39660
641 516 82263
519 612 59757
397 260 39452
254 42 66362
522 111 36594
668 26 76592
314 45 48741
17 358 68550
221 183 48779
8 33 38732
316 104 77597
586 214 70943
244 537 28528
9 180 48482
63 127 33971
358 239 9458
83 124 8305
381 84 81848
177 542 58593
243 382 76131
198 67 42554
640 109 67338
449 90 95627
44 286 68804
276 590 80015
642 182 36006
175 239 72480
584 335 41812
364 260 78836
234 137 28881
430 327 67315
261 121 83752
4 307 6380
294 208 37186
19 301 50995
160 222 61380
332 232 73007
430 223 38605
255 635 81002
665 73 28923
352 279 92696
449 437 74217
212 114 55078
204 179 4018
394 80 27796
604 565 52849
236 327 70894
443 625 53374
48 151 64931
64 202 26622
286 421 67006
100 240 95770
261 287 80995
420 252 99929
284 658 84059
122 581 67979
576 208 62021
