845
107446 123063 66569 83026 106514 298 90189 78220 17400 26644 118070 131230 64784 96755 42239 108504 74950 124826 10063 141278 38570 149144 98 70433 63088 84628 37920 141298 124861 124147 55860 67929 68702 126905 88038 73917 40012 119666 29605 54224 72117 24094 26606 90109 138993 61017 50357 36650 71029 19847 97755 139916 118987 118998 96419 28298 138802 70529 131073 60049 57392 49828 145076 46552 117141 108603 108500 8356 34177 6963 31678 8501 143150 127881 140601 45174 138621 124792 68100 123223 60751 90652 2204 61550 110428 74194 20572 130943 116490 106691 27428 54336 115214 89992 46884 89073 89707 134129 64070 148168 104371 20257 142971 5119 7091 102217 87379 64305 9305 147510 48868 116469 41608 5947 73197 136362 20051 31779 64044 17044 45793 122561 30483 122897 48256 25550 72109 80849 69437 149925 43206 16891 24549 60576 74892 82368 61629 116789 21609 2096 130276 56569 135903 113857 107184 64909 62864 6251 63610 1769 33164 49502 147448 3058 71081 51185 40047 5389 121414 106457 85466 132902 136710 49789 77264 21921 103691 102751 125543 146747 25306 99864 114356 147337 62293 112071 147159 147182 25678 74839 65453 137150 149105 115429 63277 38571 7403 11376 107708 96359 135309 149693 113018 90437 137727 93839 3657 91262 20464 52993 38706 122715 107825 85639 7961 33149 50969 7017 147305 12879 18458 7461 58519 133873 147884 76161 56205 24953 74982 112362 101951 133279 94146 93568 73412 60379 141747 7737 53467 148535 31151 44039 112090 80780 55867 74176 141106 145313 64705 43818 39488 52584 100365 81178 134343 130861 30360 67249 110246 13530 136687 99755 7084 18940 18123 20317 134063 111046 96603 111902 85025 66647 6532 11051 77753 12503 33476 116945 77392 83100 106120 66816 1669 87347 32902 134762 143054 110004 62240 48467 80508 11094 132735 105884 91010 24100 117280 61391 108476 41222 102473 138467 15256 11474 82235 13410 138852 14912 132041 52134 114019 113753 67676 119571 7903 118687 29921 18708 143373 46163 24071 103805 143194 129909 80685 49800 5223 37486 41499 97460 56254 130162 111877 131286 119679 141861 58729 84716 69636 140503 70291 104655 81779 122483 144864 128337 28594 7614 45231 102615 57167 111245 141471 45599 137704 75442 87270 134815 15793 80510 58413 133091 87587 79680 145933 132406 9618 1328 82787 115448 97240 94305 136133 95058 62470 120278 134692 79211 29524 34516 88261 46690 103812 33996 43893 6114 57678 139254 10779 98464 133686 113884 73358 140774 113089 99697 146144 59528 90190 139661 92726 148557 77499 94914 101836 104863 45467 130273 122861 64404 31508 33449 60103 139863 67405 117720 114224 18501 71709 149536 98451 33796 61035 20621 127186 99133 21657 71589 12192 129342 20315 61593 138998 63357 120638 16062 33686 38779 9083 72041 17716 106628 71814 78166 135949 112056 1395 43815 30503 104309 49745 19460 20643 26727 31224 127747 86303 25043 67280 2338 90445 49777 51549 79060 112891 16011 101828 21363 105776 21305 102809 99653 68300 10060 81001 131498 25918 110093 40733 36625 54708 27639 123199 34507 41049 23553 71500 108195 13018 64197 144393 49390 94523 108581 96753 44120 136360 126519 19317 66865 127496 8165 101981 75228 109033 136982 114253 140297 66648 55029 147369 135355 14771 37013 111 143100 73302 76968 27863 79024 75126 128991 11916 66109 80235 80942 143587 133500 59712 77505 5145 99311 50374 46524 17117 85211 18346 20009 108956 47961 57360 28737 7650 50548 85044 36834 26278 33072 37992 120260 72038 131048 103901 80589 30797 76275 116538 123009 72691 2934 126846 64925 60788 69059 933 129096 132372 91052 133271 112684 59851 126385 840 61156 135852 127161 21536 63412 64499 124671 67597 122063 28443 42618 22346 40263 38636 74159 6027 54002 11415 45423 34005 126261 54904 125655 108134 56936 34275 31648 129546 49947 72903 61632 108667 66427 83930 131237 135731 80399 64291 71733 62563 90854 70719 138178 83938 131627 34758 112623 144265 107986 61329 75059 32908 76337 92870 102231 118906 120946 108576 91994 13376 69087 115793 48364 135386 73537 128064 149918 94575 128795 61891 111694 141305 74955 121723 88266 122615 30637 30203 3122 19781 33866 148220 77030 30736 107324 66781 115520 148149 51867 40240 103172 121440 109733 17920 39832 128514 76314 68650 141435 120489 26937 30255 15578 40203 12531 3531 109516 2789 15598 47731 65709 14079 145396 22093 57614 40144 38732 105453 115843 78729 70288 13453 142362 70881 113858 70406 47884 128536 33431 130304 85118 91358 120514 29056 138008 13612 31592 37439 64651 69339 67155 121821 79025 51625 121168 7173 44188 29251 67421 124419 37118 11483 136640 111622 82835 109314 25780 126087 142961 18903 18405 61860 131387 140539 82552 54687 67195 83851 149991 143961 62493 97612 18296 148671 30308 49859 54622 101906 85218 71649 17589 125931 96858 115217 101196 17367 43960 64819 92162 49521 4095 126041 69599 36370 1756 56855 113424 40260 124950 41209 125422 142829 7954 43425 4356 36196 115390 69185 4041 128952 100267 46395 90782 48959 46165 26703 4075 62532 91197 95950 112007 16984 118918 19338 40213 51108 38835 34600 40846 5605 16672 43946 55428 52042 43065 13011 4032 138696 12980 142553 35191 29990 88018 115886 69195 69739 50684 75241 28177 86099 91724 36665 66470 133650 11154 48299 77563 6327 69878 57272 31358 18286 77391 92626 141857 113284 34283 133533 113244 77588 8123 41725 136137 136515 149135 149047 35871 109871 134498 44583 136313 121631
1670
676 551 53105
602 151 61444
387 446 20593
382 624 2320
136 213 96449
796 821 135629
99 125 90696
27 132 72680
788 448 3570
432 541 29069
719 478 86476
347 626 119461
641 643 138161
544 40 52735
20 24 19557
223 771 68065
803 27 16884
510 272 40559
100 180 143088
219 808 94355
143 217 71527
60 453 9951
652 788 14083
239 815 123699
56 72 1007
365 111 47140
601 790 91366
101 319 23325
103 568 4109
249 76 137865
837 348 66458
396 247 677
481 272 149523
631 685 24061
606 395 63407
64 666 28926
741 23 135644
172 179 141131
331 125 92492
593 711 32064
511 740 90911
382 272 93135
674 739 84563
390 15 84668
348 726 107402
227 159 5819
327 186 57883
410 804 79748
759 819 73642
178 24 36728
238 349 128702
753 623 138685
32 701 20482
340 504 39663
135 738 50464
92 788 117495
137 104 121231
828 483 86690
670 742 17759
395 736 31145
224 545 63690
8 781 99517
359 778 8504
708 231 128003
129 771 55711
92 739 116653
841 790 119006
518 56 15278
274 673 8186
362 840 149498
510 317 24057
833 217 132046
146 254 112894
622 636 6058
217 264 40722
519 538 87047
319 479 142138
570 649 82026
696 204 132041
394 555 132311
100 722 30943
584 682 76046
40 296 38653
734 21 57515
826 677 81045
483 613 70667
717 671 83122
571 750 53466
694 266 121480
562 60 53346
184 694 11104
584 400 144541
760 216 1796
639 19 5718
453 240 80445
177 420 102737
681 500 33436
578 72 21157
657 505 68955
529 140 133093
179 555 107725
427 140 31048
101 700 109032
510 69 41707
425 474 33565
356 244 91140
241 56 38444
289 136 133463
100 367 79327
22 48 68324
309 256 37673
562 515 12747
594 626 96656
108 46 146216
237 152 126465
331 815 45995
530 640 27625
73 766 44013
257 118 96632
631 499 108669
363 674 79531
66 618 48155
693 815 115662
517 535 77419
630 837 17481
707 205 94776
811 568 109782
363 554 72123
97 588 72297
585 664 9762
557 419 126745
638 108 37018
755 497 54363
335 707 149744
839 716 108969
214 310 109405
574 43 114686
591 533 85872
686 470 122938
420 14 45323
522 796 35867
425 194 124246
110 103 108601
5 239 90419
733 413 95246
418 574 106608
160 253 48882
59 323 57165
778 199 31114
705 835 15626
694 338 16398
764 587 29324
425 429 70827
181 365 25947
570 767 128508
352 816 35571
291 341 82155
405 68 62100
215 61 65286
638 664 148201
733 827 38546
251 102 81407
325 406 128687
695 42 114037
383 674 140093
566 690 22454
323 165 124703
486 577 62392
507 799 47391
607 614 126077
586 472 108319
441 469 137492
738 513 53615
289 683 11987
811 329 78158
782 805 143165
542 347 1241
204 405 6027
813 499 53608
692 685 69782
507 649 50359
219 790 5085
328 409 10288
592 307 65326
783 787 89754
690 677 142543
656 604 87255
383 218 141586
837 167 21655
77 628 43843
565 351 139396
343 157 139378
710 402 148098
345 508 100372
557 523 95443
761 667 107836
294 197 141420
845 427 125957
668 140 28946
153 836 68525
366 142 120913
451 454 37611
270 433 57293
684 338 103559
493 270 145641
404 243 39323
211 736 6052
245 47 104185
526 458 137652
618 318 57610
736 120 112585
399 490 68106
384 508 59936
425 677 106038
648 445 5235
423 844 69389
774 402 112663
416 47 102728
683 24 16419
82 72 23351
174 355 143937
462 674 8824
522 55 15900
274 477 24675
66 528 65867
394 447 70532
244 808 95668
255 672 137837
24 164 41130
51 528 77102
111 768 101000
177 730 7700
617 753 23600
194 482 143798
203 134 23583
722 288 90444
323 402 81768
385 667 68155
494 628 112849
363 612 97257
105 104 33697
498 333 32609
833 456 81635
163 123 107584
309 380 17252
418 64 132914
813 236 843
257 26 39025
203 687 130220
398 66 43161
387 284 43675
312 602 116860
838 66 136690
232 736 81647
716 696 130181
84 267 20918
722 190 60771
173 188 106805
623 668 38931
494 164 144220
175 154 131943
29 647 28128
681 234 70095
813 333 233
122 56 97512
167 68 89985
638 528 66870
7 706 7468
604 438 98807
547 593 2462
839 422 79883
764 525 70780
297 224 100325
22 300 62092
143 814 72928
245 621 146745
295 479 116061
77 666 94367
36 15 89396
742 588 70046
617 414 146406
2 72 81150
512 833 26095
610 476 2292
830 464 17818
178 793 82865
707 205 24198
60 778 82214
815 799 3571
95 474 16427
227 144 57288
309 147 149824
195 42 73474
131 444 56614
651 778 117358
53 412 117453
100 201 38957
362 712 39445
600 119 81255
500 401 56164
65 656 47374
33 32 78373
161 449 104429
607 574 66372
107 652 116352
342 369 83097
695 114 117689
637 804 110858
719 787 73869
690 643 21881
706 388 97740
98 674 98153
507 751 116058
733 83 87803
323 827 49016
567 421 138700
415 486 11321
196 600 15169
731 15 31413
519 567 41905
593 679 146695
35 673 80033
839 258 3259
143 795 27209
309 644 92274
178 665 121321
695 759 70238
543 799 67733
598 666 54247
116 18 25091
151 56 24353
570 260 116738
98 638 47786
631 743 149225
373 139 54334
136 804 15839
363 623 1530
195 221 111440
60 669 89271
828 580 39831
65 278 10713
678 749 65240
8 117 135283
606 796 147974
551 271 82392
82 798 68214
478 434 149577
35 136 56566
313 187 127494
719 734 61001
727 696 127421
710 369 100850
380 121 23037
52 549 25342
796 472 114889
639 187 35450
547 799 121200
49 429 103676
127 579 88582
510 802 105226
336 718 142681
271 830 117483
291 388 95051
81 109 130504
30 553 76334
161 596 38550
326 754 137958
319 677 89985
173 444 27871
688 64 108689
478 816 111980
190 451 37288
466 353 16430
354 549 24198
559 749 60607
162 337 77000
335 93 41701
306 372 88204
215 3 25469
674 585 1676
66 186 77880
181 482 138900
676 445 148701
290 228 30806
251 833 19932
494 668 19377
737 400 78043
634 449 1661
138 281 115487
34 369 98478
599 659 114178
708 37 62271
124 147 47620
783 500 68957
309 266 63968
727 224 68863
366 431 143695
498 321 24964
277 701 139344
94 149 57643
434 158 144754
174 116 106782
14 437 13484
705 278 52551
807 430 69538
44 563 63632
493 9 89851
404 127 34193
567 787 86562
430 701 120848
195 221 124187
33 652 7350
73 306 47295
124 493 47580
251 695 96127
415 550 140033
103 119 29657
466 102 89610
727 267 22474
659 206 11215
610 167 55940
313 71 64727
755 696 84068
164 792 148486
35 341 18903
602 201 129847
727 390 110574
348 129 66694
627 98 98220
783 210 24389
404 166 38393
643 709 144645
190 603 84977
332 197 117976
418 769 82489
549 317 4766
191 592 101050
101 48 55359
776 823 7667
750 538 86090
324 88 107524
334 337 23629
763 533 122230
438 154 81307
336 358 149431
45 577 52610
142 500 19777
351 316 51706
45 145 20721
565 184 123564
656 175 123472
627 272 78050
373 328 135403
817 795 49358
326 27 56342
184 623 138056
820 232 142901
732 803 116177
14 592 18785
526 661 92089
648 452 3869
546 175 21041
773 107 22306
389 105 132429
367 664 89576
498 448 63488
755 620 16883
714 476 114972
785 187 15219
459 389 140971
336 399 56642
243 447 72757
556 812 56344
564 15 83242
55 364 24910
495 675 105304
384 289 3848
352 172 133655
635 532 101052
87 264 20518
473 380 77291
539 804 28310
663 349 14091
748 401 58230
836 258 132183
225 740 86942
807 805 88794
147 781 105119
93 781 137532
836 573 4830
219 341 17085
195 819 56025
14 341 11123
382 293 102860
335 570 46571
796 567 25690
65 405 69653
144 621 85464
694 692 88547
174 656 58270
354 429 63596
438 421 4414
66 134 127439
422 9 145454
604 154 74182
435 756 88996
176 402 77675
641 685 1555
192 814 130254
198 535 87388
132 456 51710
238 419 149464
816 521 121294
420 791 41712
481 668 120051
327 777 126856
183 10 54497
365 641 120904
722 782 113240
36 114 130881
639 513 85413
760 220 84007
192 689 106027
314 473 118346
366 494 82145
384 683 140283
447 757 21103
742 553 148057
38 273 148585
89 564 42812
686 565 58885
74 479 63439
11 500 24988
547 186 147454
508 525 48257
146 166 89837
840 256 76709
737 502 113001
761 460 64658
95 426 60489
789 545 38958
44 24 110472
77 415 116582
639 589 64359
202 280 124889
443 525 26048
182 538 76287
52 813 51909
672 429 141343
231 772 67034
782 274 77277
276 146 95064
155 337 3876
359 552 11494
262 729 135357
89 128 43111
141 445 2573
502 610 21326
788 307 32965
791 448 18025
164 417 76575
423 671 149165
598 604 37861
707 821 84395
257 807 25455
698 114 109289
553 685 55548
648 581 46860
488 41 99599
695 151 140960
468 450 92791
388 319 84117
274 700 146934
330 480 82942
76 545 24547
534 697 80003
566 825 35895
392 545 104540
614 492 26355
466 17 14464
391 814 145784
460 187 136310
221 499 94187
776 537 49095
682 806 118887
138 224 29231
93 3 44325
38 426 37654
420 843 129269
614 492 44154
632 740 26153
284 373 88947
512 843 115016
24 588 126970
310 738 57188
380 694 24188
135 241 23676
632 104 130496
420 775 21496
299 168 120104
390 99 94273
198 577 63310
473 218 42210
168 555 7682
837 18 138897
845 231 36408
675 642 1295
281 761 89945
55 795 123861
236 549 133757
386 375 25450
175 758 85331
612 135 54055
284 422 38296
520 296 127114
229 282 12073
110 249 86667
551 304 19140
702 534 19489
702 149 6565
731 507 120670
411 465 35609
782 76 47921
30 344 49527
773 145 141050
352 162 86585
76 71 24225
192 696 142295
431 317 108932
722 325 61129
707 750 27347
594 819 44889
173 505 23275
826 700 83444
178 591 88200
823 467 99696
340 444 71229
729 23 68776
235 667 96925
52 196 2746
224 308 12331
65 168 49712
631 479 143967
510 408 132481
630 638 26073
645 582 23786
559 826 2947
89 661 30878
406 555 93254
480 427 98002
178 740 77610
598 767 15171
45 338 103704
733 429 66724
458 72 53939
174 249 127688
459 319 5807
167 39 43109
138 416 32049
99 647 55128
249 757 34614
351 448 81776
111 102 130426
788 266 130194
627 14 16950
597 673 121586
147 426 140762
335 61 90336
209 728 48957
721 232 88208
392 840 113875
229 754 132651
251 29 70809
221 368 143140
771 293 29347
332 111 129376
370 533 128786
124 604 69054
232 589 88268
506 365 34242
410 17 91314
565 344 2634
292 80 52294
655 814 42560
2 448 133979
706 725 47943
81 247 56061
360 843 29151
739 91 66271
570 249 74517
215 131 80046
297 79 61735
624 643 95893
160 514 116406
705 111 66709
387 476 93089
229 534 66444
424 692 147627
306 818 143128
331 298 86938
327 375 87438
612 530 64169
215 360 88608
755 687 137195
839 615 137578
598 302 130069
635 198 36604
422 48 41247
360 697 121124
86 379 134396
124 736 33457
645 72 131317
168 242 72154
156 789 71098
238 591 47630
291 679 46039
59 200 131802
427 641 32043
698 329 140735
305 555 43849
618 327 136890
836 682 64651
662 479 66130
831 138 126342
342 511 103070
781 577 127198
520 25 93835
315 816 95141
695 661 144248
428 253 23203
633 749 93564
733 512 141915
235 166 10506
719 136 122761
73 763 78771
392 16 23164
816 679 44646
100 659 21158
16 449 2489
165 521 94153
562 206 139409
285 500 137045
446 590 119411
302 9 37876
285 685 143102
566 536 33012
432 624 132235
684 197 121825
164 767 24049
20 739 88266
155 206 28422
274 140 39624
611 423 65773
729 104 129260
591 416 46415
25 690 21493
163 40 47682
587 83 149617
520 823 117263
423 597 31962
328 767 50592
686 793 36360
737 490 37334
141 274 132123
272 308 115227
278 811 26113
365 232 8964
399 113 139986
409 95 27614
634 158 114105
639 125 118440
49 703 104626
1 465 99473
155 305 72595
193 443 134945
512 157 25825
87 521 30166
166 579 133878
355 474 117590
511 460 130371
336 569 14658
833 439 17252
493 778 92777
130 305 14382
540 775 126978
732 258 3395
842 460 143507
597 785 118004
664 72 90023
51 308 90325
242 42 33331
624 401 52444
731 499 120327
727 532 93066
149 519 105450
606 350 1648
698 129 78250
54 362 108488
765 129 73610
136 148 698
572 449 149716
760 264 65459
605 298 124023
223 140 64979
619 13 92409
499 139 46289
806 537 106774
717 225 124333
146 482 62401
301 19 80308
838 730 28792
746 771 129174
548 679 97827
97 609 82908
475 37 72619
90 710 76673
176 541 30665
759 470 44333
493 514 140641
621 311 74643
726 799 95592
730 379 1852
491 729 7007
421 787 125662
560 265 136919
279 232 57734
243 224 3366
618 820 60374
695 687 67389
753 664 73063
717 640 39531
36 205 149716
554 523 100473
335 114 66266
173 196 130732
556 84 8100
662 290 64008
576 736 21954
510 672 26438
611 522 147368
788 671 70200
743 316 87570
433 49 20977
64 439 76604
238 155 24266
614 578 64101
832 763 58510
384 216 16636
712 711 33873
811 800 11245
190 400 42091
381 513 48753
198 751 82300
335 74 143890
176 464 54273
597 534 101321
88 185 81644
10 666 70294
534 104 124400
478 218 1425
571 793 34709
45 507 111596
373 150 105255
613 9 56113
688 7 82089
321 669 108032
465 15 26995
465 433 127752
190 701 110738
658 69 77939
568 417 100702
686 254 107069
184 70 50896
367 767 62934
214 771 139094
418 388 89069
393 121 24903
232 68 112727
508 329 21336
356 749 61979
406 271 11129
840 472 83830
246 83 108167
81 218 105647
309 207 142052
386 369 14820
74 285 16654
809 329 97732
128 797 39477
403 791 19400
354 725 47394
526 567 3658
74 473 38313
656 303 120813
673 577 60284
578 48 101861
520 418 49652
496 613 146080
837 671 90376
36 724 17781
801 841 85234
177 31 42928
280 791 27425
189 217 129489
721 383 119968
457 724 106009
554 736 56934
130 313 6957
110 522 505
553 266 61847
752 549 111432
828 615 35110
712 428 136474
228 579 105501
831 807 28660
820 576 112705
38 315 51164
73 755 74399
292 772 69129
322 455 25074
725 700 87894
390 694 53866
320 531 67553
625 347 29846
845 40 122658
676 48 11768
196 40 99662
832 569 56749
342 102 60423
414 208 106281
28 821 122636
674 644 87211
712 131 147881
686 207 140748
249 327 129473
413 503 43573
693 259 8250
350 117 137636
544 241 57637
193 642 11888
491 89 113948
75 68 63586
732 209 74955
61 536 141489
788 679 53947
355 523 76303
717 224 86504
619 787 77975
134 531 100330
368 664 4693
440 421 74765
814 186 9611
798 104 101735
383 208 107730
110 151 52876
45 621 75328
287 424 63623
44 689 108010
740 679 80005
497 723 47004
229 709 45544
784 219 116267
656 692 29474
828 705 69295
43 567 97520
502 826 58179
322 480 83646
711 264 36664
404 149 147270
178 477 115559
636 818 132620
784 495 32018
765 468 44452
334 391 37321
552 753 147080
391 677 43068
614 211 52194
511 667 138428
281 593 98974
258 333 71563
295 675 19876
66 581 142993
529 281 31294
21 208 3360
5 459 20696
176 483 145169
645 552 31503
374 442 55170
465 428 78432
77 345 40673
790 69 99743
497 199 140538
192 528 55386
194 261 12668
731 500 34520
57 650 97451
86 712 54969
340 408 126512
631 555 148602
619 715 1517
714 472 66264
288 154 31614
564 710 9553
54 263 78613
11 400 56450
66 290 33375
673 669 43991
422 414 147877
809 264 103842
396 204 60485
559 695 142649
97 269 74706
439 834 44846
610 273 147024
785 266 59784
309 17 10817
837 626 146655
607 200 142585
808 709 65054
433 472 7081
34 157 57824
561 290 1191
323 578 94702
5 667 11983
713 534 125937
494 664 52454
812 132 29316
519 583 96630
684 290 97324
844 285 95620
659 754 111015
833 339 32055
826 448 73693
163 787 129720
271 538 33939
441 509 83521
17 533 113894
777 179 12026
747 610 49527
169 479 36958
584 523 62288
656 746 67243
491 830 91784
454 699 108622
454 843 53091
416 609 14400
527 834 30028
271 581 37790
371 23 144073
398 553 15950
59 725 24249
136 62 18575
549 791 68874
632 759 35137
367 566 60710
447 700 35897
617 754 35146
270 433 138595
397 140 63294
393 131 92056
499 736 145574
748 411 94507
227 295 148904
560 779 12224
428 402 75709
506 80 75606
392 234 11765
28 301 104900
58 344 9482
681 312 59700
576 250 41828
398 632 106088
48 445 94982
294 754 9574
634 638 23861
737 427 139872
524 212 124266
15 509 101462
365 753 1362
548 33 2472
178 592 66559
697 166 76397
71 744 34023
252 509 91522
33 316 3557
203 749 115051
529 840 26348
543 295 143490
454 241 36078
177 723 85501
224 800 106831
194 790 109680
193 350 11803
482 428 5409
676 252 62616
284 400 135809
449 564 1523
391 504 144761
147 445 100327
526 482 65440
535 317 45449
37 48 123012
333 646 10370
221 781 120478
461 683 36402
473 279 147849
480 545 60936
163 457 49797
549 685 92402
407 386 16915
270 206 143123
685 799 71751
229 685 53108
735 242 102466
589 218 99397
553 588 29050
106 185 87230
740 810 119367
144 521 75730
462 666 17931
530 690 48779
330 96 3093
548 615 79268
232 439 95134
497 790 54865
198 454 20701
466 263 120904
362 808 55079
245 707 78437
412 533 97339
598 171 77022
796 834 101358
759 464 149794
801 798 32113
486 830 94534
103 231 126648
502 41 51554
604 47 89342
633 275 52587
330 159 99578
664 450 10274
96 197 140630
387 372 96741
757 443 117975
34 833 32178
651 155 107742
343 405 33613
4 151 118877
556 445 115416
765 225 41711
831 830 139735
52 797 78540
762 657 6365
63 634 51551
306 784 105115
96 808 125765
143 365 35171
694 469 95335
469 818 3979
2 114 92802
839 186 55962
813 441 110815
226 133 48109
236 780 63122
510 563 72851
396 376 1944
839 326 23196
651 671 60865
380 69 8338
745 219 22087
529 558 113110
313 476 59130
434 316 84557
790 23 108432
630 125 148887
301 823 135073
82 788 143716
330 550 102772
705 279 33076
131 528 31508
832 72 31576
587 265 47735
572 282 10555
501 272 91236
562 460 31931
304 21 139149
313 92 142741
566 482 48775
774 789 88188
175 679 70435
336 578 68250
534 311 122819
605 754 95281
407 768 66707
51 579 11504
542 65 80858
89 437 68004
382 35 47838
243 730 146190
719 763 7888
490 798 134690
557 397 72767
330 161 143748
178 578 27420
743 235 106091
518 788 119981
329 151 101077
570 409 119559
88 552 49274
716 236 86275
588 453 67907
335 13 77830
112 99 107192
364 442 50639
543 221 54532
57 380 86287
144 233 139122
795 133 81029
192 465 60762
532 308 114383
713 834 61164
331 775 101655
725 460 105947
336 457 69956
257 437 135951
556 650 79504
562 601 107105
302 672 118935
484 240 93350
580 573 117656
334 543 27557
346 152 132899
498 85 84718
732 678 83055
515 120 50937
348 490 98652
407 212 8176
335 662 120550
436 120 4417
592 530 72022
695 44 121061
698 386 38030
261 492 69857
182 590 65078
185 273 52032
174 373 145426
488 358 95683
323 386 132073
169 444 116304
451 60 129243
362 46 14796
656 83 110026
259 579 18018
135 460 23261
465 778 90684
572 753 94133
635 480 111641
739 201 14196
53 736 130518
360 43 3875
327 47 32006
147 824 53202
488 687 52760
171 19 142950
745 18 91202
737 220 133228
34 563 107437
217 767 127236
655 696 144200
291 50 102310
351 201 128831
459 219 59307
62 467 72122
1 148 50317
554 647 18163
141 165 141801
38 14 29365
625 823 79865
289 703 29609
495 500 86651
170 760 59914
360 320 133821
215 518 44043
90 774 9680
557 78 3311
663 798 58109
636 46 139645
78 661 17736
320 3 14367
670 654 2587
406 797 146692
655 799 107432
682 221 107806
759 280 129712
845 346 56098
262 316 2624
80 151 66451
813 452 104630
136 664 15778
490 749 63809
352 422 8754
136 368 90296
496 338 133052
498 195 69778
365 573 84179
412 23 58303
249 4 38825
551 451 54648
68 768 123707
98 447 111514
54 444 123483
196 427 136004
127 256 142935
12 443 10380
142 513 54866
220 774 127854
530 840 39743
639 609 41719
314 264 50480
755 256 8165
745 468 36538
528 754 129512
271 711 25361
334 372 81807
136 250 101656
836 579 64666
334 49 44748
587 1 87647
94 653 66149
372 254 71816
239 791 17740
580 464 149527
121 672 144108
696 648 88725
809 588 116370
378 21 112165
275 208 64610
152 798 21060
295 503 69120
362 510 46454
488 603 41537
176 47 113916
651 407 125917
543 740 47051
655 54 34305
345 219 74509
173 27 42274
310 91 42326
184 816 61867
189 27 107073
226 349 149871
418 25 93232
618 417 42860
559 144 73429
399 779 36605
124 748 28901
330 503 134564
2 643 48782
9 513 107422
180 767 77782
420 278 22882
499 531 93845
128 255 71869
237 97 3952
328 60 64184
826 823 102114
22 377 112904
195 684 252
646 231 25124
782 830 34351
393 798 93668
380 61 121203
481 670 54673
678 357 12763
807 99 63430
694 265 66209
220 743 2425
350 840 30181
762 376 49979
642 505 86804
745 744 21532
65 479 20813
629 339 101521
156 642 56831
676 90 135195
93 256 13841
455 261 62842
729 426 53662
430 68 64839
764 260 41321
540 219 78144
828 202 15760
221 104 91562
844 61 59052
406 812 43659
696 628 29789
243 564 135130
448 205 44778
153 741 65845
694 500 9483
806 282 136243
395 413 51656
174 727 33600
342 739 26067
335 804 68783
412 369 34526
655 175 59844
182 267 126849
103 403 33393
81 797 109480
52 641 140925
98 67 142517
522 133 107310
809 402 27165
245 790 117024
145 359 145603
196 58 90563
190 150 130317
745 494 141770
303 513 121553
60 679 64609
459 403 144717
604 212 66408
220 296 32441
90 787 27246
645 754 88800
716 287 28010
135 788 136676
629 56 74685
345 64 28957
695 147 28943
51 660 39289
813 601 144602
385 175 48535
336 728 37119
514 290 130986
299 638 146154
191 87 145454
620 752 104325
602 72 134521
695 47 123240
501 247 127450
233 462 138046
134 590 9030
522 607 18843
651 76 110312
355 452 788
816 321 5223
82 799 69573
496 53 27315
66 92 109183
681 600 56249
591 794 109183
144 820 102897
771 736 6585
224 523 50647
324 450 92099
517 314 134708
584 272 65826
404 250 70920
814 715 29169
588 582 138205
726 189 138444
112 400 16939
767 680 112447
625 681 74061
465 27 104422
531 290 65049
808 476 20399
401 744 77642
590 439 44314
81 701 22119
801 439 30652
620 65 91782
214 710 110644
620 138 38679
389 265 12299
110 27 63057
627 338 16671
607 834 111313
217 720 73473
341 401 48848
245 369 28378
625 36 106868
92 692 128568
271 601 35510
626 412 14218
522 821 8888
313 791 50410
16 414 116432
716 416 1691
500 50 128711
420 650 34970
143 112 881
360 462 114545
20 44 57730
517 288 63045
512 661 114845
838 381 70749
745 51 22210
484 668 92584
741 187 95105
520 583 15985
60 580 91758
28 448 71101
169 530 57570
222 332 58318
214 43 76216
661 704 46630
302 631 27682
539 43 34207
444 133 96913
403 152 16586
182 790 93916
743 738 13410
230 96 89030
62 472 36769
269 642 7528
618 414 72307
295 164 108182
170 325 15740
149 375 70638
817 751 58672
713 461 33497
407 463 25464
28 711 42584
330 69 12182
673 102 99857
74 224 119332
16 513 100061
216 775 91574
136 239 140819
332 605 12357
407 734 56534
230 228 134197
535 534 108598
648 409 142017
496 268 80477
168 158 16498
493 255 60731
245 720 47113
29 282 47584
498 594 27533
434 588 53067
327 534 46718
444 677 89019
155 426 98202
193 778 71989
635 549 6388
605 700 69859
845 319 12278
561 397 44406
696 626 78921
516 787 123098
841 40 52798
221 714 112812
257 450 48201
630 148 100317
221 815 24612
495 134 63286
287 538 115266
28 460 29678
96 549 115565
681 377 108135
173 123 89114
156 376 36111
398 805 113476
517 459 32665
584 582 132920
316 736 100851
204 528 96836
47 677 138090
700 715 48607
160 218 62093
227 727 24670
716 376 92607
688 621 30302
619 362 25776
128 219 101450
452 590 48412
805 133 63512
251 523 81541
727 642 52848
698 257 136137
708 393 43679
10 642 71058
404 435 38970
707 71 51744
517 107 119502
686 260 115545
302 587 7729
355 559 140826
402 537 10854
204 115 44323
22 19 68495
713 664 69627
583 43 111141
323 439 27777
168 668 34359
354 424 97469
496 151 78491
645 448 80530
147 280 104450
77 417 22011
240 218 108326
159 290 29080
283 202 136671
784 813 101941
103 315 4794
284 172 114376
733 43 31674
773 253 85584
44 228 91677
67 824 121982
342 636 17665
629 388 31653
336 243 9808
230 385 78029
815 503 85709
441 118 60774
202 114 71312
165 452 55060
355 468 28086
341 379 119197
781 647 48461
603 644 126013
815 472 81696
193 813 52237
335 226 45211
778 573 32964
625 296 136776
167 728 5245
794 19 85360
845 441 23590
313 306 37599
546 6 73749
498 509 3950
705 730 17922
252 96 89373
704 286 57348
12 588 55321
1 281 136089
501 500 63512
409 39 38578
697 527 125470
659 794 81046
539 532 40519
326 220 29774
662 87 55040
82 346 98597
329 32 23837
251 760 121782
345 383 119975
405 317 87339
516 613 83012
7 479 43345
630 472 37345
306 123 4588
843 117 114709
230 333 52287
684 438 46882
130 815 56841
637 615 58571
372 247 88411
35 36 45012
710 767 44301
560 585 58468
90 396 106704
136 824 51653
844 144 12965
