1
16 12
0.68 0.60 0.64 0.65 0.00 0.04 0.05 0.61 0.67 0.65 0.00 0.62 0.63 0.70 0.67 0.69
"1011111011100111"
"1101111110100111"
16 6
0.99 1.00 0.98 1.00 0.99 0.99 0.98 1.00 1.00 0.98 0.99 0.98 1.00 0.99 0.98 0.99
16 2
0.67 0.70 0.55 0.50 0.58 0.30 0.55 0.47 0.57 0.45 0.59 0.57 0.58 0.40 0.30 0.49
8 2
1.00 1.00 1.00 1.00 1.00 0.00 1.00 1.00
16 10
0.59 0.57 0.44 0.61 0.40 0.51 0.61 0.61 0.55 0.55 0.47 0.55 0.58 0.57 0.45 0.52
16 10
0.54 0.49 0.50 0.51 0.54 0.50 0.45 0.57 0.57 0.50 0.44 0.51 0.45 0.44 0.52 0.55
8 2
1.00 0.00 1.00 0.00 0.00 1.00 1.00 1.00
16 8
0.90 0.97 0.06 0.08 0.10 0.07 0.01 0.99 0.90 1.00 0.91 0.08 1.00 0.04 0.04 0.90
16 6
0.51 0.50 0.49 0.49 0.51 0.50 0.49 0.49 0.51 0.51 0.50 0.51 0.50 0.51 0.50 0.50
16 8
0.04 0.20 0.01 0.10 0.17 0.08 0.35 0.23 0.48 0.35 0.04 0.59 0.07 0.08 0.07 0.31
16 6
0.41 0.42 0.52 0.60 0.58 0.30 0.37 0.57 0.65 0.41 0.62 0.67 0.66 0.43 0.70 0.63
16 2
0.58 0.68 0.28 0.42 0.39 0.42 0.32 0.59 0.30 0.09 0.59 0.16 1.00 0.16 0.10 0.92
3 2
0.50 0.50 0.50
16 14
0.70 0.00 0.65 0.00 0.08 0.63 0.65 0.62 0.69 0.64 0.66 0.64 0.61 0.04 0.61 0.64
16 4
0.61 0.00 0.65 0.70 0.62 0.02 0.00 0.61 0.61 0.65 0.70 0.67 0.61 0.05 0.64 0.61
16 2
1.00 0.98 0.99 0.99 0.98 1.00 0.98 1.00 0.98 0.98 0.98 0.98 0.99 1.00 1.00 0.98
4 2
0.00 0.00 0.00 0.00
2 2
0.50 0.00
16 8
0.00 0.02 0.29 0.24 0.08 0.01 0.00 0.02 0.40 0.44 0.21 0.30 0.02 0.02 0.00 0.02
16 8
0.04 0.04 1.00 0.00 0.92 0.94 0.08 0.92 0.98 0.04 0.08 0.08 0.91 0.93 0.01 0.97
16 2
0.50 0.49 0.50 0.51 0.51 0.49 0.50 0.50 0.51 0.50 0.49 0.50 0.49 0.49 0.49 0.51
4 2
0.00 0.00 1.00 0.00
16 2
0.60 0.60 0.06 0.04 0.65 0.60 0.66 0.01 0.70 0.68 0.60 0.64 0.09 0.62 0.63 0.69
16 10
0.02 0.01 0.01 0.02 0.02 0.01 0.02 0.01 0.02 0.00 0.00 0.02 0.00 0.00 0.01 0.01
8 6
1.00 1.00 1.00 1.00 0.00 1.00 0.00 0.00
16 14
0.49 0.49 0.50 0.49 0.50 0.50 0.49 0.49 0.51 0.49 0.50 0.51 0.51 0.49 0.51 0.49
16 10
0.61 0.55 0.45 0.55 0.59 0.52 0.45 0.61 0.61 0.47 0.55 0.57 0.58 0.57 0.40 0.51
16 8
0.51 0.50 0.51 0.51 0.50 0.50 0.51 0.51 0.50 0.50 0.50 0.50 0.51 0.50 0.50 0.49
4 4
0.00 1.00 1.00 0.00
8 2
1.00 0.00 1.00 1.00 1.00 0.00 0.00 0.00
8 4
0.00 1.00 0.00 1.00 1.00 0.00 1.00 1.00
3 2
0.80 0.50 0.10
4 2
0.00 1.00 1.00 0.98
8 6
1.00 1.00 1.00 1.00 1.00 1.00 0.00 1.00
16 8
0.98 0.91 0.00 0.98 0.03 0.07 0.06 0.06 0.10 0.98 0.95 0.05 0.95 0.92 0.99 0.05
8 4
1.00 1.00 1.00 1.00 1.00 1.00 1.00 1.00
12 10
0.54 0.21 0.01 0.58 0.94 0.41 0.71 0.22 0.32 0.53 0.80 0.04
16 8
0.99 1.00 0.99 1.00 0.19 0.98 0.15 0.35 0.46 0.05 1.00 0.99 0.25 0.22 0.99 0.17
8 2
1.00 0.00 1.00 1.00 0.00 1.00 1.00 1.00
16 6
0.76 0.50 0.55 0.21 0.23 0.53 0.24 0.14 0.16 0.23 0.54 1.00 0.67 0.24 0.50 0.26
16 10
0.99 1.00 1.00 0.99 1.00 1.00 0.98 0.99 0.99 1.00 1.00 1.00 0.99 0.99 1.00 0.98
3 2
0.50 0.60 0.40
16 10
0.33 0.56 0.65 0.45 0.65 0.60 0.66 0.54 0.61 0.32 0.36 0.69 0.33 0.63 0.70 0.37
4 2
0.02 0.00 1.00 0.00
16 10
0.65 0.63 0.08 0.64 0.61 0.60 0.00 0.67 0.61 0.06 0.69 0.04 0.68 0.61 0.70 0.60
16 8
0.60 0.00 0.92 0.60 0.90 0.02 0.62 0.90 0.60 0.00 0.00 0.01 0.00 0.55 0.00 0.00
4 2
0.98 0.01 0.99 0.01
16 6
0.60 0.06 0.06 0.06 0.62 0.01 0.10 0.08 0.64 0.07 0.03 0.09 0.06 0.64 0.07 0.01
16 10
0.52 0.57 0.50 0.41 0.59 0.49 0.48 0.48 0.51 0.46 0.45 0.54 0.50 0.40 0.45 0.49
16 8
0.09 0.10 0.63 0.03 0.65 0.62 0.07 0.70 0.04 0.06 0.00 0.08 0.04 0.08 0.07 0.09
8 6
0.00 0.00 1.00 1.00 1.00 0.00 1.00 0.00
12 4
0.88 0.07 0.22 0.77 0.28 0.56 0.23 0.45 0.98 0.65 0.50 0.06
16 8
0.52 0.50 0.49 0.51 0.49 0.50 0.49 0.50 0.50 0.52 0.50 0.52 0.52 0.51 0.52 0.49
16 10
0.88 0.89 0.62 0.71 0.33 0.15 0.49 0.00 0.61 0.85 0.58 0.74 0.36 0.49 0.49 0.38
16 10
0.03 0.00 0.65 0.10 0.62 0.03 0.06 0.07 0.09 0.63 0.02 0.03 0.63 0.05 0.02 0.03
16 14
0.84 0.09 0.18 0.54 0.62 0.28 0.58 0.28 1.00 0.22 0.56 0.16 0.92 0.22 0.50 0.90
2 2
1.00 1.00
16 10
0.45 0.51 0.45 0.50 0.54 0.57 0.57 0.54 0.44 0.50 0.49 0.50 0.44 0.51 0.52 0.56
3 2
0.30 0.80 0.50
16 8
0.98 0.98 0.75 0.98 1.00 0.67 0.69 1.00 0.72 0.85 0.98 0.52 0.74 0.91 1.00 0.99
16 10
0.41 0.40 0.45 0.49 0.48 0.54 0.45 0.57 0.49 0.50 0.59 0.50 0.53 0.51 0.46 0.48
16 8
0.17 0.03 1.00 0.10 0.51 0.00 0.08 0.09 0.07 0.19 1.00 0.07 0.13 0.03 0.31 0.14
16 14
0.51 0.59 0.49 0.60 0.70 0.57 0.60 0.44 0.52 0.50 0.63 0.51 0.62 0.65 0.45 0.61
16 8
0.35 0.41 0.02 0.01 0.23 0.01 0.42 0.00 0.30 0.43 0.35 0.01 0.02 0.01 0.27 0.00
3 2
0.00 0.00 1.00
8 4
1.00 1.00 1.00 1.00 1.00 1.00 0.00 1.00
16 8
1.00 0.44 0.47 0.27 0.02 1.00 0.98 0.98 0.99 0.98 0.10 0.01 1.00 0.38 0.30 0.98
2 2
0.00 0.00
3 2
0.01 0.02 0.04
16 8
0.02 0.87 0.00 1.00 0.00 0.02 0.02 0.01 0.68 0.74 0.87 0.00 0.00 0.98 0.53 0.71
4 4
0.01 0.01 0.98 0.99
16 6
0.02 0.01 0.02 0.01 0.00 0.01 0.02 0.00 0.02 0.02 0.01 0.02 0.00 0.02 0.02 0.02
8 4
0.00 0.00 1.00 1.00 1.00 1.00 1.00 1.00
16 12
0.62 0.00 0.68 0.70 0.65 0.01 0.09 0.00 0.10 0.06 0.09 0.04 0.08 0.07 0.05 0.00
16 14
0.02 0.01 0.01 0.02 0.02 0.02 0.01 0.01 0.01 0.00 0.01 0.00 0.01 0.02 0.01 0.00
16 2
0.02 0.02 0.02 0.01 0.02 0.01 0.02 0.01 0.00 0.01 0.02 0.01 0.00 0.02 0.02 0.02
16 8
0.50 0.50 0.50 0.49 0.50 0.52 0.52 0.49 0.50 0.51 0.50 0.52 0.52 0.51 0.49 0.52
8 6
1.00 1.00 1.00 1.00 1.00 1.00 1.00 1.00
12 4
0.82 0.60 0.32 0.98 0.59 0.04 0.55 0.91 0.33 0.70 0.45 0.01
4 2
0.00 0.00 0.00 0.02
16 8
0.50 0.51 0.50 0.50 0.50 0.51 0.51 0.50 0.51 0.50 0.51 0.50 0.50 0.51 0.50 0.50
2 2
0.05 0.45
2 2
0.00 1.00
16 8
0.99 1.00 1.00 0.99 1.00 0.98 0.54 1.00 0.59 0.76 0.67 0.99 0.62 0.78 0.93 0.99
4 4
0.50 0.50 0.50 0.50
16 10
0.50 0.50 0.49 0.51 0.49 0.49 0.50 0.50 0.50 0.50 0.51 0.51 0.51 0.50 0.49 0.51
16 6
0.70 0.64 0.63 0.67 0.01 0.61 0.10 0.68 0.67 0.64 0.01 0.61 0.66 0.64 0.69 0.04
8 6
1.00 1.00 1.00 1.00 1.00 0.00 0.00 1.00
8 2
1.00 1.00 1.00 1.00 1.00 1.00 1.00 1.00
4 2
1.00 1.00 1.00 0.00
16 14
0.65 0.07 0.01 0.02 0.10 0.05 0.04 0.04 0.01 0.61 0.00 0.02 0.06 0.64 0.69 0.03
16 2
0.03 0.01 0.69 0.07 0.64 0.08 0.00 0.68 0.04 0.08 0.06 0.07 0.00 0.01 0.10 0.61
16 4
0.00 0.63 0.07 0.10 0.03 0.03 0.67 0.10 0.60 0.04 0.00 0.70 0.06 0.09 0.07 0.04
16 8
0.83 0.49 0.71 0.05 0.78 0.01 0.70 0.05 0.07 0.00 0.94 0.22 0.08 0.16 0.03 0.10
8 4
0.00 1.00 0.00 0.00 0.00 1.00 1.00 1.00
16 8
0.10 0.69 0.08 0.70 0.70 0.63 0.60 0.65 0.66 0.64 0.63 0.64 0.62 0.08 0.63 0.02
