100
4 2
5 2
6 2
1000 1000
1000 1
3 2
766 610
840 801
500 116
628 592
999 256
1000 512
965 961
988 820
609 595
910 749
999 512
1000 498
500 499
500 245
999 497
341 285
799 724
876 850
999 482
1000 488
500 2
500 1
947 771
500 255
500 246
526 411
3 1
500 232
500 250
999 127
453 377
763 756
999 128
1000 2
944 866
999 998
999 498
999 255
5 1
2 1
999 2
1000 502
1000 500
269 219
927 701
297 257
1 1
879 708
691 573
500 249
581 580
500 500
703 595
2 2
368 337
1000 511
500 244
999 999
799 733
448 440
500 256
392 300
460 412
1000 999
841 756
1000 128
787 654
4 1
293 228
636 618
555 519
500 117
971 828
1000 489
774 765
500 248
1000 255
500 128
456 371
788 784
448 355
1000 127
999 1
999 487
500 127
500 103
683 662
999 499
789 646
1000 499
999 511
1000 351
1000 256
999 488
