1
10 10

100
4 2
5 2
6 2
1000 1000
1000 1
752639 696576
500000 249999
602626 480794
500000 499999
999999 524287
500000 237857
999999 1
500000 500000
4 1
271220 221449
561001 429743
1000000 475713
449096 430959
999999 499999
2 1
343670 309957
999999 524288
350559 305080
688359 640482
1000000 128
500000 250000
999999 999999
519291 492185
500000 131071
951666 885065
1000000 499999
1000000 1
500000 249998
1000000 500000
999999 2
912698 800013
999999 470708
1000000 524287
500000 127
719649 589529
999999 127
489040 373927
500000 131072
1000000 1000000
458431 453551
988275 985426
5 1
752756 569516
3 2
500000 2
500000 238600
500000 1
1000000 524288
999999 999998
378197 332587
967542 868765
2 2
1000000 999999
1000000 349588
500000 237856
419455 391717
1000000 127
863570 795993
999999 262144
1000000 499998
916423 789121
1000000 475712
999999 522229
999999 475711
1000000 2
999046 789019
3 1
1000000 262144
445772 435364
505583 485622
471933 368324
807460 662348
1000000 262143
542812 527164
999999 475712
500000 128
999999 262143
987902 832506
811134 797635
500000 226090
1 1
491134 482459
999999 499998
999999 499997
500000 262143
831658 824545
1000000 502445
297594 242993
999999 128
500000 262144
932631 763043
700785 597220
752128 699524
495164 469299
972801 908562
